
BASEML (in paml version 4.9h, March 2018)  ../../0_chopped_alignments/segment_11935_12275/alignment.fa  HKY85 dGamma (ncatG=5)
Frequencies..
                                    T      C      A      G
homo_sapiens                   0.27129 0.29338 0.27445 0.16088 GC = 0.454
pan_paniscus                   0.26183 0.29968 0.27445 0.16404 GC = 0.464
pan_troglodytes                0.26183 0.30284 0.27129 0.16404 GC = 0.467
gorilla_gorilla                0.26667 0.30159 0.26984 0.16190 GC = 0.463
nomascus_leucogenys            0.27760 0.29968 0.26498 0.15773 GC = 0.457
cercocebus_atys                0.28481 0.28797 0.27532 0.15190 GC = 0.440
mandrillus_leucophaeus         0.28165 0.29114 0.27215 0.15506 GC = 0.446
macaca_fascicularis            0.27848 0.29430 0.27532 0.15190 GC = 0.446
macaca_mulatta                 0.27848 0.29430 0.27532 0.15190 GC = 0.446
macaca_nemestrina              0.27848 0.29430 0.27532 0.15190 GC = 0.446
chlorocebus_sabaeus            0.28797 0.29114 0.27215 0.14873 GC = 0.440
colobus_angolensis_palliatus   0.27848 0.30063 0.26899 0.15190 GC = 0.453
rhinopithecus_bieti            0.26899 0.29747 0.27215 0.16139 GC = 0.459
rhinopithecus_roxellana        0.27215 0.29430 0.27215 0.16139 GC = 0.456
aotus_nancymaae                0.28115 0.29393 0.27796 0.14696 GC = 0.441
cebus_capucinus                0.26032 0.31111 0.27302 0.15556 GC = 0.467
saimiri_boliviensis_boliviensis 0.25552 0.30915 0.29022 0.14511 GC = 0.454
carlito_syrichta               0.34958 0.27642 0.26016 0.11384 GC = 0.390
otolemur_garnettii             0.27010 0.28939 0.26688 0.17363 GC = 0.463
propithecus_coquereli          0.24516 0.31935 0.25806 0.17742 GC = 0.497
cavia_porcellus                0.29487 0.29487 0.27885 0.13141 GC = 0.426
chinchilla_lanigera            0.30769 0.26007 0.26740 0.16484 GC = 0.425
octodon_degus                  0.29167 0.27885 0.28205 0.14744 GC = 0.426
fukomys_damarensis             0.27362 0.29642 0.25733 0.17264 GC = 0.469
heterocephalus_glaber_male     0.28931 0.28616 0.27673 0.14780 GC = 0.434
jaculus_jaculus                0.28383 0.31023 0.23762 0.16832 GC = 0.479
ailuropoda_melanoleuca         0.29836 0.29180 0.26557 0.14426 GC = 0.436
mustela_putorius_furo          0.29966 0.29966 0.25253 0.14815 GC = 0.448
canis_familiaris               0.27885 0.31410 0.25962 0.14744 GC = 0.462
felis_catus                    0.26032 0.32063 0.25079 0.16825 GC = 0.489
panthera_pardus                0.26578 0.30233 0.26578 0.16611 GC = 0.468
panthera_tigris_altaica        0.26578 0.30233 0.26578 0.16611 GC = 0.468
equus_caballus                 0.28205 0.29808 0.25962 0.16026 GC = 0.458
sus_scrofa                     0.27673 0.29560 0.23585 0.19182 GC = 0.487
myotis_lucifugus               0.29530 0.29530 0.24161 0.16779 GC = 0.463
pteropus_vampyrus              0.25850 0.30612 0.24490 0.19048 GC = 0.497
loxodonta_africana             0.25159 0.31847 0.26433 0.16561 GC = 0.484

Homogeneity statistic: X2 = 0.13010 G = 0.13004 

Average                        0.27662 0.29811 0.26636 0.15891
(Ambiguity characters are used to calculate freqs.)


# constant sites:      7 (2.05%)
Distances:HKY85 (kappa)  (alpha set at 0.50)
This matrix is not used in later m.l. analysis.

(Pairwise deletion.)
homo_sapiens     
pan_paniscus       0.0223( 2.5634)
pan_troglodytes    0.0237( 5.3423)  0.0077( 2.8117)
gorilla_gorilla    0.0130( 6.0301)  0.0090( 0.7747)  0.0103( 4.4098)
nomascus_leucogenys    0.0420( 4.3344)  0.0483( 3.7786)  0.0506( 5.6298)  0.0387( 5.7854)
cercocebus_atys    0.0724( 4.0596)  0.0789( 3.7322)  0.0814( 4.8138)  0.0683( 4.6758)  0.0676( 6.0246)
mandrillus_leucophaeus    0.0630( 3.2737)  0.0693( 3.0314)  0.0715( 3.9824)  0.0588( 3.7500)  0.0581( 4.8924)  0.0072(999.0000)
macaca_fascicularis    0.0610( 3.1086)  0.0635( 2.6158)  0.0655( 3.4823)  0.0562( 3.5034)  0.0554( 4.5884)  0.0201(999.0000)  0.0123(999.0000)
macaca_mulatta     0.0610( 3.1086)  0.0635( 2.6158)  0.0655( 3.4823)  0.0562( 3.5034)  0.0554( 4.5884)  0.0201(999.0000)  0.0123(999.0000)  0.0000(999.0000)
macaca_nemestrina    0.0610( 3.1086)  0.0635( 2.6158)  0.0655( 3.4823)  0.0562( 3.5034)  0.0554( 4.5884)  0.0201(999.0000)  0.0123(999.0000)  0.0000(999.0000)  0.0000(999.0000)
chlorocebus_sabaeus    0.0806( 3.1360)  0.0876( 2.9744)  0.0903( 3.7435)  0.0768( 3.5036)  0.0759( 4.3000)  0.0217( 4.6382)  0.0139( 2.2551)  0.0270( 6.2638)  0.0270( 6.2638)  0.0270( 6.2638)
colobus_angolensis_palliatus    0.0643( 2.0995)  0.0711( 2.0415)  0.0736( 2.6846)  0.0608( 2.3653)  0.0599( 2.9759)  0.0417(10.7329)  0.0329( 8.0383)  0.0298( 7.1030)  0.0298( 7.1030)  0.0298( 7.1030)  0.0496( 5.4158)
rhinopithecus_bieti    0.0699( 2.4675)  0.0767( 2.3701)  0.0791( 3.0570)  0.0663( 2.7741)  0.0655( 3.4584)  0.0349( 8.7051)  0.0266( 6.1597)  0.0240( 5.3832)  0.0240( 5.3832)  0.0240( 5.3832)  0.0424( 4.3779)  0.0406( 4.1016)
rhinopithecus_roxellana    0.0732( 2.6805)  0.0799( 2.5563)  0.0824( 3.2626)  0.0694( 2.9957)  0.0686( 3.7155)  0.0322( 7.8836)  0.0240( 5.3658)  0.0213( 4.5609)  0.0213( 4.5609)  0.0213( 4.5609)  0.0397( 3.9738)  0.0431( 4.4792)  0.0025(999.0000)
aotus_nancymaae    0.0830( 3.2335)  0.0894( 3.0320)  0.0917( 3.7803)  0.0780( 3.5414)  0.0818( 3.1320)  0.1007( 3.6296)  0.0900( 3.0289)  0.0915( 3.1158)  0.0915( 3.1158)  0.0915( 3.1158)  0.1100( 3.0046)  0.0952( 2.3312)  0.1015( 2.6376)  0.1054( 2.8119)
cebus_capucinus    0.1035( 3.2728)  0.1108( 3.1261)  0.1137( 3.7879)  0.0992( 3.5660)  0.1036( 3.2420)  0.1410( 4.4735)  0.1287( 3.9042)  0.1261( 3.7948)  0.1261( 3.7948)  0.1261( 3.7948)  0.1514( 3.8144)  0.1299( 2.9908)  0.1367( 3.2770)  0.1411( 3.4450)  0.0330( 7.9557)
saimiri_boliviensis_boliviensis    0.1224( 3.7405)  0.1297( 3.5660)  0.1327( 4.2264)  0.1176( 4.0258)  0.1220( 3.6881)  0.1576( 4.7169)  0.1446( 4.1568)  0.1420( 4.0558)  0.1420( 4.0558)  0.1420( 4.0558)  0.1600( 3.7673)  0.1457( 3.2515)  0.1527( 3.5267)  0.1573( 3.6940)  0.0450( 7.1048)  0.0388( 5.9123)
carlito_syrichta    0.4782( 6.2567)  0.5132( 8.1707)  0.5132( 8.1707)  0.5243( 6.9975)  0.4547( 5.8523)  0.6130( 7.2088)  0.5854( 6.7875)  0.5095( 5.6860)  0.5095( 5.6860)  0.5095( 5.6860)  0.6264( 6.2518)  0.4808( 3.6831)  0.6810( 7.0958)  0.7061( 7.4383)  0.3680( 3.0465)  0.3526( 2.7537)  0.4672( 3.7210)
otolemur_garnettii    0.5728( 8.2265)  0.6010( 8.2237)  0.6249( 9.1504)  0.5839( 8.8505)  0.5687( 9.1809)  0.5544( 8.9187)  0.5763( 9.3374)  0.5544( 8.9211)  0.5544( 8.9211)  0.5544( 8.9211)  0.5560( 7.8330)  0.6021( 8.6259)  0.5833( 8.3785)  0.5833( 8.3785)  0.5993( 7.9639)  0.5771( 7.6851)  0.6187( 7.1733)  0.6365( 3.7955)
propithecus_coquereli    0.4037( 5.1947)  0.4219( 5.1675)  0.4347( 5.7499)  0.4049( 5.5183)  0.3668( 5.2044)  0.3678( 5.2184)  0.3764( 5.3836)  0.3678( 5.2246)  0.3678( 5.2246)  0.3678( 5.2246)  0.4261( 5.5073)  0.3830( 4.7531)  0.3509( 4.2252)  0.3579( 4.3462)  0.4113( 5.1674)  0.4146( 5.3049)  0.4657( 5.2203)  0.4718( 2.2879)  0.3133( 5.1820)
cavia_porcellus    0.8048( 5.5077)  0.8375( 5.5314)  0.8652( 6.0626)  0.8092( 5.7379)  0.8090( 6.0789)  0.8328( 6.0154)  0.7886( 5.5815)  0.8252( 5.9424)  0.8252( 5.9424)  0.8252( 5.9424)  0.8134( 5.7844)  0.8161( 5.2328)  0.7943( 5.0914)  0.8103( 5.2333)  0.8639( 6.1668)  0.9668( 6.5412)  0.9556( 5.7243)  1.4598( 5.1725)  1.1594( 6.0108)  0.7647( 3.4436)
chinchilla_lanigera    0.8919(12.0467)  0.8919(12.0447)  0.9366(13.5358)  0.8811(12.4697)  0.8792(13.3294)  1.0061(13.7760)  0.9994(13.6500)  0.9810(13.3628)  0.9810(13.3628)  0.9810(13.3628)  0.9726(13.1690)  1.0133(12.9930)  1.0077(12.2482)  1.0272(12.5265)  1.1312(14.4597)  0.9783(11.6370)  1.0876(12.7612)  1.2024( 5.7173)  1.0354(10.9426)  0.7504( 7.2464)  0.5849( 4.1418)
octodon_degus      1.0460(10.5106)  1.0860(10.4776)  1.1595(11.8508)  1.0738(11.7818)  1.1637(13.0133)  1.0345(10.8242)  1.0968(11.5756)  1.1060(11.7094)  1.1060(11.7094)  1.1060(11.7094)  1.1121(10.6092)  0.8953( 8.1548)  1.2612(12.3918)  1.2770(12.5708)  1.2518(13.9169)  1.2204(13.6877)  1.1588(10.8667)  1.0377( 6.1868)  1.2918(10.6912)  0.9111( 5.9044)  0.6710( 4.7212)  0.4425( 3.6890)
fukomys_damarensis    0.5513( 5.6398)  0.5739( 5.6152)  0.5909( 6.1842)  0.5386( 5.7303)  0.5902( 6.8997)  0.6289( 7.0572)  0.5865( 6.4417)  0.5882( 6.4758)  0.5882( 6.4758)  0.5882( 6.4758)  0.6483( 7.3042)  0.6065( 5.9508)  0.5554( 5.3244)  0.5667( 5.4717)  0.6371( 7.4442)  0.6904( 7.0408)  0.8043( 8.2716)  0.8935( 3.7149)  0.8829( 8.8548)  0.6669( 5.4777)  0.5369( 2.7543)  0.4866( 6.7191)  0.6544( 7.3293)
heterocephalus_glaber_male    0.5984( 9.4383)  0.6369( 9.5814)  0.6602(10.6048)  0.6276(10.4932)  0.6639(11.9961)  0.7368(11.2975)  0.6828(10.3075)  0.6276( 9.3305)  0.6276( 9.3305)  0.6276( 9.3305)  0.7221(10.9817)  0.6569( 9.7979)  0.7103( 9.6326)  0.7227( 9.8340)  0.7422(10.5187)  0.7274( 8.7561)  0.8268( 9.9304)  0.6643( 4.2896)  0.9147(11.2839)  0.7293( 8.5504)  0.7060( 5.0186)  0.3527( 7.7755)  0.6629( 8.7537)  0.2529( 3.4994)
jaculus_jaculus    0.7172( 4.0019)  0.7634( 4.1588)  0.7883( 4.5889)  0.7376( 4.3239)  0.6491( 3.6133)  0.8061( 4.7114)  0.7500( 4.2462)  0.7562( 4.3033)  0.7562( 4.3033)  0.7562( 4.3033)  0.7217( 3.9846)  0.7538( 3.7923)  0.7019( 3.4460)  0.7155( 3.5489)  0.7340( 5.0082)  0.7661( 4.5986)  0.7440( 4.2625)  2.3369(11.7029)  1.5252( 7.3850)  1.1249( 6.6760)  1.2463( 3.4410)  1.0694( 8.3307)  1.9916( 8.7753)  1.2936( 8.6103)  1.1713( 7.2198)
ailuropoda_melanoleuca    0.6824(10.3450)  0.7194(11.0139)  0.7374(12.0278)  0.6995(11.1924)  0.7485(12.9244)  0.6708(11.3854)  0.6854(11.6588)  0.6875(11.7186)  0.6875(11.7186)  0.6875(11.7186)  0.6574(10.4016)  0.7199(10.8177)  0.7390(11.2595)  0.7211(10.9387)  0.7318(10.9758)  0.7208(10.3726)  0.8348(10.4681)  0.8983(12.6604)  0.7763( 8.1718)  0.7617( 8.3832)  1.5170(10.0293)  1.1518( 9.7370)  1.4606( 9.7370)  1.2281(10.7126)  0.9040( 8.6150)  1.2042( 7.6567)
mustela_putorius_furo    0.5451( 7.9671)  0.5452( 7.9701)  0.5557( 8.7065)  0.5069( 7.6944)  0.5866( 9.8639)  0.5632( 8.7957)  0.5470( 8.4745)  0.5254( 8.0755)  0.5254( 8.0755)  0.5254( 8.0755)  0.5317( 7.6338)  0.5499( 7.4056)  0.5671( 7.7766)  0.5520( 7.5175)  0.5820( 7.3701)  0.6380( 7.9617)  0.6851( 7.3249)  0.7513( 9.0369)  0.6287( 5.8569)  0.5734( 4.8309)  1.3509( 7.6909)  1.0724(10.4714)  1.2332( 8.1312)  0.8079( 5.9407)  0.7720( 7.4627)  1.3312( 6.9341)  0.1656( 5.6493)
canis_familiaris    0.5356( 7.4671)  0.5358( 7.4741)  0.5438( 8.1185)  0.5158( 7.5119)  0.5494( 8.7160)  0.6039( 9.1710)  0.5838( 8.7877)  0.5643( 8.4421)  0.5643( 8.4421)  0.5643( 8.4421)  0.5760( 8.0863)  0.6097( 8.0988)  0.5891( 7.8320)  0.5708( 7.5245)  0.6256( 8.8249)  0.5693( 7.5520)  0.5994( 6.7431)  1.6426(28.3607)  0.7228( 7.6681)  0.6274( 7.1907)  1.6905(10.9144)  1.1003(11.4353)  1.3713( 9.9837)  1.0379(10.3874)  1.0259(10.7897)  1.0182( 6.5913)  0.1525( 5.9747)  0.1611( 7.2438)
felis_catus        0.5231( 7.3300)  0.5532( 7.8698)  0.5635( 8.5828)  0.5349( 7.9567)  0.5548(10.2642)  0.6378( 9.9005)  0.5939( 9.0741)  0.5707( 8.6554)  0.5707( 8.6554)  0.5707( 8.6554)  0.5771( 8.1964)  0.5974( 7.9973)  0.6151( 8.3612)  0.5991( 8.0878)  0.5853( 8.2190)  0.5269( 6.9280)  0.5455( 6.0282)  0.9170(10.4682)  0.8605( 9.0749)  0.6810( 8.0883)  1.3276( 9.1270)  1.1343(12.7150)  1.2801( 9.3076)  0.9397( 9.9027)  0.7703( 8.6284)  1.0435( 7.7215)  0.1876( 4.7551)  0.1870( 4.0958)  0.1773( 4.6525)
panthera_pardus    0.5366( 7.1880)  0.5709( 7.7764)  0.5785( 8.4113)  0.5497( 7.8063)  0.5246( 9.0590)  0.6490( 9.6148)  0.6056( 8.8289)  0.5843( 8.4628)  0.5843( 8.4628)  0.5843( 8.4628)  0.5942( 8.0868)  0.6097( 7.8123)  0.6290( 8.1868)  0.6107( 7.8885)  0.6433( 8.7907)  0.5866( 7.5507)  0.6170( 6.7605)  0.9964(10.3930)  0.8279( 8.3140)  0.6669( 7.5131)  1.4411( 9.7871)  1.2349(13.2831)  1.4128(10.1678)  1.0777(11.1949)  0.8522( 9.3700)  0.9293( 6.4240)  0.1943( 4.5255)  0.2002( 4.0557)  0.1679( 3.5782)  0.0301(15.5677)
panthera_tigris_altaica    0.5366( 7.1880)  0.5709( 7.7764)  0.5785( 8.4113)  0.5497( 7.8063)  0.5246( 9.0590)  0.6490( 9.6148)  0.6056( 8.8289)  0.5843( 8.4628)  0.5843( 8.4628)  0.5843( 8.4628)  0.5942( 8.0868)  0.6097( 7.8123)  0.6290( 8.1868)  0.6107( 7.8885)  0.6433( 8.7907)  0.5866( 7.5507)  0.6170( 6.7605)  0.9964(10.3930)  0.8279( 8.3140)  0.6669( 7.5131)  1.4411( 9.7871)  1.2349(13.2831)  1.4128(10.1678)  1.0777(11.1949)  0.8522( 9.3700)  0.9293( 6.4240)  0.1943( 4.5255)  0.2002( 4.0557)  0.1679( 3.5782)  0.0301(15.5677)  0.0000(15.5677)
equus_caballus     0.4423( 5.0403)  0.4323( 4.8821)  0.4531( 5.5724)  0.4216( 5.3457)  0.4275( 5.4791)  0.4706( 5.8246)  0.4386( 5.2870)  0.4204( 4.9934)  0.4204( 4.9934)  0.4204( 4.9934)  0.4344( 4.5130)  0.4419( 5.3169)  0.4189( 4.3150)  0.4086( 4.1585)  0.4648( 5.6163)  0.5207( 6.7144)  0.5511( 6.0091)  1.6579(17.2899)  0.9827(10.6000)  0.6376( 7.8018)  0.9358( 4.6273)  1.0964( 9.5675)  1.0443( 7.8841)  0.7832( 6.5126)  0.7666( 7.1000)  0.8109( 4.0785)  0.4014( 6.6727)  0.4004( 4.7760)  0.3509( 4.7097)  0.3541( 5.2567)  0.3637( 5.0710)  0.3637( 5.0710)
sus_scrofa         1.0334( 9.4200)  1.0335( 9.4230)  1.0775(10.4003)  0.9681( 9.0422)  1.0179(10.1510)  1.0335(10.3296)  0.9535( 9.3693)  0.8725( 8.4178)  0.8725( 8.4178)  0.8725( 8.4178)  0.9781( 8.6599)  0.9052( 7.8641)  0.8801( 7.6637)  0.8620( 7.4642)  1.1170( 9.0332)  1.1362( 9.0751)  1.2048( 8.4860)  1.8280(12.4151)  1.3207(12.1579)  0.8974( 9.9936)  1.5355( 6.1021)  1.4133( 8.0783)  1.7075( 7.4808)  0.8543( 4.4503)  1.1042( 7.0567)  1.8781( 7.9056)  0.7034( 7.5167)  0.6136( 6.5053)  0.6229( 5.7691)  0.5090( 4.2097)  0.5954( 5.1058)  0.5954( 5.1058)  0.4749( 3.9857)
myotis_lucifugus    0.8301(10.3351)  0.8990(10.1811)  0.9370(11.2721)  0.8891(11.0546)  0.9295(12.3820)  1.0770(14.6515)  0.9831(13.1869)  0.9111(12.0969)  0.9111(12.0969)  0.9111(12.0969)  1.0053(12.0292)  0.9396(12.4513)  0.9391(11.2061)  0.9234(10.9844)  0.8869( 9.7124)  0.9365(10.4737)  1.0308(10.7740)  1.5059(10.6326)  1.0698( 9.7478)  0.9116( 7.4344)  1.5940( 8.2148)  2.5208(20.2317)  3.4975(20.7525)  1.3155( 9.8654)  1.5988(14.3017)  2.2311( 9.2588)  0.6581( 9.7854)  0.5950( 7.1410)  0.6359( 7.4910)  0.5296( 6.4295)  0.5114( 5.7828)  0.5114( 5.7828)  0.5906( 6.8446)  0.6985( 4.2941)
pteropus_vampyrus    0.5518( 9.3500)  0.5309( 8.3370)  0.5411( 9.1331)  0.5357( 8.3037)  0.5710( 9.6531)  0.6625(10.7748)  0.6169( 9.8897)  0.6354(10.2575)  0.6354(10.2575)  0.6354(10.2575)  0.6392( 9.0154)  0.6769( 9.6574)  0.6665( 9.5537)  0.6663( 9.5471)  0.6682( 7.9634)  0.6512( 7.6063)  0.7514( 7.8075)  0.8597( 5.1518)  1.0742(12.7761)  0.9244(10.8243)  1.6966(11.8531)  1.2882(16.9239)  2.2104(19.4627)  0.8114( 9.5346)  1.1787(14.5963)  2.2797(12.0127)  0.6312(11.5609)  0.4753( 7.2566)  0.5226( 8.9646)  0.4126( 8.0145)  0.4046( 7.2854)  0.4046( 7.2854)  0.5230( 7.7422)  0.7947( 8.7036)  0.5728( 6.3799)
loxodonta_africana    0.5546( 7.5641)  0.5570( 7.1703)  0.5691( 7.8172)  0.5242( 7.4120)  0.5094( 7.6429)  0.5722( 9.4257)  0.5349( 8.6732)  0.5023( 8.0409)  0.5023( 8.0409)  0.5023( 8.0409)  0.5751( 8.3149)  0.5382( 7.6550)  0.5623( 8.1488)  0.5494( 7.9117)  0.5195( 7.2306)  0.5313( 7.5268)  0.5796( 7.1566)  0.6787( 4.6157)  0.7241( 8.0497)  0.5355( 6.1230)  0.9058( 7.3016)  1.3419(18.6667)  1.4823(15.4074)  0.7916(11.0427)  0.9940(16.6825)  1.3169( 7.6055)  0.6970( 9.2377)  0.6158( 7.0429)  0.5749( 8.0351)  0.5409( 6.6182)  0.5607( 6.5955)  0.5607( 6.5955)  0.6983( 8.9701)  1.1507( 9.5459)  1.1137(13.4742)  0.7688(11.2480)

TREE #  1:  (37, ((((((21, 22), 23), (25, 24)), 26), ((20, 19), (18, (((17, 16), 15), (((((2, 3), 1), 4), 5), (((14, 13), 12), (11, ((7, 6), ((9, 8), 10))))))))), (((34, 33), (((31, 32), 30), (29, (28, 27)))), (36, 35))));  MP score: -1.00
lnL(ntime: 72  np: 74):  -4036.007607    +0.000000
  38..37   38..39   39..40   40..41   41..42   42..43   43..44   44..21   44..22   43..23   42..45   45..25   45..24   41..26   40..46   46..47   47..20   47..19   46..48   48..18   48..49   49..50   50..51   51..17   51..16   50..15   49..52   52..53   53..54   54..55   55..56   56..2    56..3    55..1    54..4    53..5    52..57   57..58   58..59   59..14   59..13   58..12   57..60   60..11   60..61   61..62   62..7    62..6    61..63   63..64   64..9    64..8    63..10   39..65   65..66   66..67   67..34   67..33   66..68   68..69   69..70   70..31   70..32   69..30   68..71   71..29   71..72   72..28   72..27   65..73   73..36   73..35 
 0.096519 0.081319 0.031128 0.017470 0.078599 0.046540 0.001256 0.208847 0.135215 0.169888 0.036849 0.101102 0.086347 0.319924 0.000004 0.057877 0.081354 0.142098 0.000004 0.212545 0.069087 0.039290 0.007997 0.022957 0.013041 0.008931 0.014705 0.003265 0.016139 0.000004 0.006408 0.003200 0.003191 0.012823 0.000004 0.016137 0.022291 0.000004 0.013543 0.003196 0.000004 0.015561 0.010241 0.012921 0.000004 0.000004 0.000004 0.006400 0.012849 0.000004 0.000004 0.000004 0.000004 0.061169 0.000004 0.006807 0.214375 0.098772 0.059164 0.050703 0.014066 0.000004 0.000004 0.013668 0.025218 0.059774 0.000004 0.056925 0.057488 0.016934 0.165998 0.183669 3.931467 4.354534

tree length =   3.32385

(loxodonta_africana, ((((((cavia_porcellus, chinchilla_lanigera), octodon_degus), (heterocephalus_glaber_male, fukomys_damarensis)), jaculus_jaculus), ((propithecus_coquereli, otolemur_garnettii), (carlito_syrichta, (((saimiri_boliviensis_boliviensis, cebus_capucinus), aotus_nancymaae), (((((pan_paniscus, pan_troglodytes), homo_sapiens), gorilla_gorilla), nomascus_leucogenys), (((rhinopithecus_roxellana, rhinopithecus_bieti), colobus_angolensis_palliatus), (chlorocebus_sabaeus, ((mandrillus_leucophaeus, cercocebus_atys), ((macaca_mulatta, macaca_fascicularis), macaca_nemestrina))))))))), (((sus_scrofa, equus_caballus), (((panthera_pardus, panthera_tigris_altaica), felis_catus), (canis_familiaris, (mustela_putorius_furo, ailuropoda_melanoleuca)))), (pteropus_vampyrus, myotis_lucifugus))));

(loxodonta_africana: 0.096519, ((((((cavia_porcellus: 0.208847, chinchilla_lanigera: 0.135215): 0.001256, octodon_degus: 0.169888): 0.046540, (heterocephalus_glaber_male: 0.101102, fukomys_damarensis: 0.086347): 0.036849): 0.078599, jaculus_jaculus: 0.319924): 0.017470, ((propithecus_coquereli: 0.081354, otolemur_garnettii: 0.142098): 0.057877, (carlito_syrichta: 0.212545, (((saimiri_boliviensis_boliviensis: 0.022957, cebus_capucinus: 0.013041): 0.007997, aotus_nancymaae: 0.008931): 0.039290, (((((pan_paniscus: 0.003200, pan_troglodytes: 0.003191): 0.006408, homo_sapiens: 0.012823): 0.000004, gorilla_gorilla: 0.000004): 0.016139, nomascus_leucogenys: 0.016137): 0.003265, (((rhinopithecus_roxellana: 0.003196, rhinopithecus_bieti: 0.000004): 0.013543, colobus_angolensis_palliatus: 0.015561): 0.000004, (chlorocebus_sabaeus: 0.012921, ((mandrillus_leucophaeus: 0.000004, cercocebus_atys: 0.006400): 0.000004, ((macaca_mulatta: 0.000004, macaca_fascicularis: 0.000004): 0.000004, macaca_nemestrina: 0.000004): 0.012849): 0.000004): 0.010241): 0.022291): 0.014705): 0.069087): 0.000004): 0.000004): 0.031128, (((sus_scrofa: 0.214375, equus_caballus: 0.098772): 0.006807, (((panthera_pardus: 0.000004, panthera_tigris_altaica: 0.000004): 0.014066, felis_catus: 0.013668): 0.050703, (canis_familiaris: 0.059774, (mustela_putorius_furo: 0.056925, ailuropoda_melanoleuca: 0.057488): 0.000004): 0.025218): 0.059164): 0.000004, (pteropus_vampyrus: 0.165998, myotis_lucifugus: 0.183669): 0.016934): 0.061169): 0.081319);

Detailed output identifying parameters

Parameters (kappa) in the rate matrix (HKY85) (Yang 1994 J Mol Evol 39:105-111):
  3.93147

alpha (gamma, K=5) =  4.35453
rate:   0.43587  0.70422  0.92619  1.19223  1.74149
freq:   0.20000  0.20000  0.20000  0.20000  0.20000

