
BASEML (in paml version 4.9h, March 2018)  ../../0_chopped_alignments/segment_8938_9248/alignment.fa  HKY85 dGamma (ncatG=5)
Frequencies..
                                    T      C      A      G
homo_sapiens                   0.30662 0.17422 0.40418 0.11498 GC = 0.289
pan_paniscus                   0.30314 0.17770 0.39721 0.12195 GC = 0.300
pan_troglodytes                0.30314 0.18118 0.39373 0.12195 GC = 0.303
gorilla_gorilla                0.30662 0.17422 0.39024 0.12892 GC = 0.303
nomascus_leucogenys            0.29965 0.18467 0.38676 0.12892 GC = 0.314
cercocebus_atys                0.31449 0.17314 0.38163 0.13074 GC = 0.304
mandrillus_leucophaeus         0.30986 0.17606 0.38732 0.12676 GC = 0.303
macaca_fascicularis            0.30986 0.17254 0.39085 0.12676 GC = 0.299
macaca_mulatta                 0.30986 0.17254 0.39085 0.12676 GC = 0.299
macaca_nemestrina              0.30986 0.17254 0.39085 0.12676 GC = 0.299
chlorocebus_sabaeus            0.30634 0.17606 0.39085 0.12676 GC = 0.303
colobus_angolensis_palliatus   0.31338 0.16901 0.38028 0.13732 GC = 0.306
rhinopithecus_bieti            0.31338 0.17606 0.38380 0.12676 GC = 0.303
rhinopithecus_roxellana        0.31690 0.17606 0.38028 0.12676 GC = 0.303
aotus_nancymaae                0.30282 0.17606 0.39437 0.12676 GC = 0.303
cebus_capucinus                0.29893 0.18505 0.39502 0.12100 GC = 0.306
saimiri_boliviensis_boliviensis 0.29537 0.19573 0.37011 0.13879 GC = 0.335
otolemur_garnettii             0.26496 0.21368 0.34615 0.17521 GC = 0.389
propithecus_coquereli          0.26471 0.22426 0.39706 0.11397 GC = 0.338
chinchilla_lanigera            0.31365 0.14022 0.40590 0.14022 GC = 0.280
octodon_degus                  0.28731 0.18657 0.39179 0.13433 GC = 0.321
fukomys_damarensis             0.27094 0.20690 0.37438 0.14778 GC = 0.355
heterocephalus_glaber_male     0.23214 0.23214 0.37500 0.16071 GC = 0.393
ictidomys_tridecemlineatus     0.27018 0.20351 0.34386 0.18246 GC = 0.386
dipodomys_ordii                0.29502 0.18008 0.35632 0.16858 GC = 0.349
ailuropoda_melanoleuca         0.27857 0.20000 0.33929 0.18214 GC = 0.382
mustela_putorius_furo          0.28464 0.17228 0.36704 0.17603 GC = 0.348
canis_familiaris               0.31142 0.17993 0.34602 0.16263 GC = 0.343
felis_catus                    0.30662 0.19164 0.35540 0.14634 GC = 0.338
panthera_pardus                0.31618 0.18750 0.34926 0.14706 GC = 0.335
panthera_tigris_altaica        0.31985 0.18382 0.34926 0.14706 GC = 0.331
equus_caballus                 0.29766 0.19064 0.37458 0.13712 GC = 0.328
sus_scrofa                     0.26990 0.21453 0.32526 0.19031 GC = 0.405
myotis_lucifugus               0.29057 0.19623 0.34717 0.16604 GC = 0.362
pteropus_vampyrus              0.28400 0.21600 0.34800 0.15200 GC = 0.368
sorex_araneus                  0.36709 0.12658 0.37131 0.13502 GC = 0.262
loxodonta_africana             0.32593 0.17037 0.35926 0.14444 GC = 0.315

Homogeneity statistic: X2 = 0.29535 G = 0.29420 

Average                        0.29940 0.18445 0.37410 0.14204
(Ambiguity characters are used to calculate freqs.)


# constant sites:      2 (0.64%)
Distances:HKY85 (kappa)  (alpha set at 0.50)
This matrix is not used in later m.l. analysis.

(Pairwise deletion.)
homo_sapiens     
pan_paniscus       0.0144( 2.5340)
pan_troglodytes    0.0149( 7.9555)  0.0074( 2.6571)
gorilla_gorilla    0.0303( 7.9775)  0.0221( 5.1043)  0.0226(13.1246)
nomascus_leucogenys    0.0658( 6.2851)  0.0564( 4.9826)  0.0562( 6.8715)  0.0653( 6.1073)
cercocebus_atys    0.0935( 7.6443)  0.0888( 7.0542)  0.0886( 9.0153)  0.0991( 8.0997)  0.0903( 3.7549)
mandrillus_leucophaeus    0.0882( 7.1354)  0.0775( 5.9098)  0.0772( 7.6215)  0.0872( 6.9068)  0.0794( 3.0486)  0.0073(999.0000)
macaca_fascicularis    0.0938( 9.9535)  0.0826( 8.3679)  0.0827(11.2152)  0.0931( 9.6833)  0.0846( 4.2162)  0.0150( 7.6762)  0.0074( 2.5976)
macaca_mulatta     0.0938( 9.9535)  0.0826( 8.3679)  0.0827(11.2152)  0.0931( 9.6833)  0.0846( 4.2162)  0.0150( 7.6762)  0.0074( 2.5976)  0.0000( 2.5976)
macaca_nemestrina    0.0938( 9.9535)  0.0826( 8.3679)  0.0827(11.2152)  0.0931( 9.6833)  0.0846( 4.2162)  0.0150( 7.6762)  0.0074( 2.5976)  0.0000( 2.5976)  0.0000( 2.5976)
chlorocebus_sabaeus    0.1100( 7.6971)  0.0982( 6.5265)  0.0982( 8.1122)  0.1091( 7.4699)  0.0999( 3.7027)  0.0230(13.0288)  0.0149( 7.7102)  0.0230( 5.2973)  0.0230( 5.2973)  0.0230( 5.2973)
colobus_angolensis_palliatus    0.0928( 9.7150)  0.0815( 8.1342)  0.0824(11.0333)  0.0928( 9.5355)  0.0898( 4.5764)  0.0400( 6.3090)  0.0312( 4.4534)  0.0305( 2.5775)  0.0305( 2.5775)  0.0305( 2.5775)  0.0490( 5.5781)
rhinopithecus_bieti    0.1039(11.2575)  0.0923( 9.6142)  0.0916(12.6285)  0.1023(10.8354)  0.0926( 4.8256)  0.0476( 8.0369)  0.0385( 6.0869)  0.0471( 5.3190)  0.0471( 5.3190)  0.0471( 5.3190)  0.0564( 6.8349)  0.0392(10.6361)
rhinopithecus_roxellana    0.1012( 8.5386)  0.0898( 7.2231)  0.0892( 9.1779)  0.0998( 8.2403)  0.0908( 3.8247)  0.0472( 5.2637)  0.0381( 3.8377)  0.0468( 3.6666)  0.0468( 3.6666)  0.0468( 3.6666)  0.0560( 4.8523)  0.0391( 6.1722)  0.0070( 2.3013)
aotus_nancymaae    0.1199( 7.1422)  0.1207( 7.1185)  0.1153( 8.0858)  0.1331( 8.0442)  0.1286( 4.6500)  0.1258( 5.1695)  0.1127( 4.4304)  0.1202( 5.8090)  0.1202( 5.8090)  0.1202( 5.8090)  0.1373( 5.0811)  0.1276( 6.2436)  0.1276( 6.2920)  0.1256( 5.2072)
cebus_capucinus    0.1364( 8.3713)  0.1388( 8.4554)  0.1327( 9.5777)  0.1514( 9.3747)  0.1528( 5.9005)  0.1625( 5.4760)  0.1471( 4.7843)  0.1545( 5.9496)  0.1545( 5.9496)  0.1545( 5.9496)  0.1747( 5.3850)  0.1608( 6.2186)  0.1673( 6.6211)  0.1635( 5.5785)  0.0610( 3.0840)
saimiri_boliviensis_boliviensis    0.1737( 9.2713)  0.1677( 8.7743)  0.1707(10.5098)  0.2134(11.7319)  0.1964( 7.9826)  0.2256( 7.3512)  0.2066( 6.5486)  0.2142( 7.7845)  0.2142( 7.7845)  0.2142( 7.7845)  0.2395( 7.1175)  0.2186( 7.9132)  0.2363( 8.7997)  0.2292( 7.5086)  0.0763( 4.2223)  0.0931( 4.5283)
otolemur_garnettii    0.8405(12.4246)  0.7624(11.8317)  0.7624(11.8317)  0.7379(10.4358)  0.7751( 9.6279)  0.7395( 8.3543)  0.7241( 8.2345)  0.7684( 8.9116)  0.7684( 8.9116)  0.7684( 8.9116)  0.7397( 7.8426)  0.6834( 8.1948)  0.8451(10.7513)  0.8316( 9.8235)  1.0323(12.6602)  1.1415(15.9399)  1.0866(12.5252)
propithecus_coquereli    0.3448(10.2452)  0.3279( 9.5163)  0.3056( 9.6271)  0.3556(10.4352)  0.3669( 8.1839)  0.3724( 7.4539)  0.3703( 7.4890)  0.3615( 7.9468)  0.3615( 7.9468)  0.3615( 7.9468)  0.4120( 7.9205)  0.3195( 6.6918)  0.3958( 8.9335)  0.3873( 7.9613)  0.3764( 7.7155)  0.4492( 9.5615)  0.4371( 8.8827)  0.4056( 9.2787)
chinchilla_lanigera    1.1472(12.0483)  1.2334(12.9730)  1.1502(12.5673)  1.2399(12.9656)  2.1594(20.9023)  1.4845(13.4729)  1.5989(14.7884)  1.6663(16.3587)  1.6663(16.3587)  1.6663(16.3587)  1.7379(15.4890)  1.8254(17.9473)  2.2462(22.8163)  2.2392(21.6043)  1.5153(11.8251)  1.1799( 8.4448)  1.8665(16.7046)  2.1962(14.4315)  1.5450(16.4968)
octodon_degus      3.8937(35.7299)  3.7876(31.3180)  4.1449(35.9989)  5.2446(43.9499) 30.6647(247.2366) 16.3376(133.2314) 15.3839(126.1259) 15.2312(125.4654) 15.2312(125.4654) 15.2312(125.4654) 18.0499(141.5784)  9.2060(77.0154)  4.9618(40.8253)  6.1478(48.9711) 11.7785(88.2766) 10.2656(72.4170) 10.4789(71.8790)  5.5129(35.2071)  4.6534(39.5312)  2.3131(34.5320)
fukomys_damarensis    2.2674(26.2161)  1.9395(20.4017)  1.7259(19.0910)  1.5400(15.6135)  2.3842(22.2792)  2.1165(19.0509)  2.2397(20.4178)  2.0864(18.9762)  2.0864(18.9762)  2.0864(18.9762)  2.1421(18.1510)  1.8928(19.1615)  2.1352(20.6392)  2.1853(19.7843)  1.7760(15.5060)  1.5239(13.6764)  1.9325(21.5449)  0.7373( 7.8613)  0.9581(18.2420)  1.4306(22.1502)  3.9450(47.4093)
heterocephalus_glaber_male    1.2853( 7.3843)  1.2372( 6.9578)  1.2364( 7.3094)  1.1430( 6.2112)  1.7738( 9.4257)  1.4313( 6.6156)  1.5169( 7.2173)  1.4969( 7.4673)  1.4969( 7.4673)  1.4969( 7.4673)  1.6059( 7.3981)  1.3830( 6.6551)  1.7253( 8.9412)  1.6319( 7.9335)  1.6085( 7.7774)  1.6110( 7.6247)  2.0786(12.3531)  0.8723( 4.2306)  0.8322( 6.4429)  0.8433(10.3926)  1.6860(16.1050)  0.2546( 5.7923)
ictidomys_tridecemlineatus    0.9771( 9.9411)  1.0043( 9.1629)  1.0016( 9.6157)  1.0623( 9.7714)  1.1271( 9.9305)  1.0081( 8.0099)  0.9998( 7.9823)  0.9545( 7.1348)  0.9545( 7.1348)  0.9545( 7.1348)  1.0850( 8.4027)  0.9357( 7.6872)  1.1815(10.3565)  1.1336( 9.3497)  0.8946( 6.1932)  1.0100( 7.1431)  0.8165( 5.5301)  1.6194(17.3490)  0.8565(11.2362)  2.2378(12.4411)  5.8576(45.2786)  2.2146(17.3331)  1.4068( 5.5794)
dipodomys_ordii    1.0896( 5.5252)  1.0893( 5.4667)  1.1479( 6.2175)  1.1645( 6.6963)  1.6820( 9.0950)  1.4253( 6.0372)  1.4837( 6.4678)  1.4668( 6.7449)  1.4668( 6.7449)  1.4668( 6.7449)  1.5720( 6.6166)  1.2772( 5.5245)  1.6502( 8.7703)  1.6339( 8.1973)  1.7837( 8.4121)  1.7728( 7.2807)  1.3615( 5.1180)  1.6117( 7.3166)  1.4717( 8.3029)  2.2779(10.6119)  2.0662( 6.3479)  5.5267(41.2424)  1.9761( 7.7435)  1.7986( 7.0739)
ailuropoda_melanoleuca    0.8482( 5.4934)  0.7878( 5.2091)  0.7878( 5.2091)  0.7512( 4.5421)  0.8656( 4.6544)  0.8234( 4.1755)  0.8323( 4.0352)  0.8141( 4.1574)  0.8141( 4.1574)  0.8141( 4.1574)  0.8829( 4.1552)  0.7299( 3.4673)  0.9385( 5.1261)  0.9253( 4.7358)  0.8484( 4.5389)  1.1830( 7.8360)  0.9632( 5.7293)  0.7749( 8.4589)  0.7436( 9.6239)  3.5318(23.3022)  8.3693(47.2714)  1.6264(10.6493)  1.9826( 7.9415)  1.7294(10.7830)  2.1387( 6.2728)
mustela_putorius_furo    1.0787( 7.3378)  1.0024( 6.9970)  1.0024( 6.9970)  0.9342( 5.9508)  1.1321( 6.4673)  0.9754( 5.1063)  1.0041( 5.0666)  0.9865( 5.2557)  0.9865( 5.2557)  0.9865( 5.2557)  1.0931( 5.4079)  0.9638( 5.0431)  1.2596( 7.3476)  1.2079( 6.5762)  1.0963( 6.9682)  1.3549(10.5579)  1.1976( 7.7448)  1.0748(13.0951)  1.0347(13.1472)  3.3385(22.0795)  9.4344(56.1789)  1.9208(18.6197)  1.6839( 7.7910)  1.7884( 9.1850)  4.5241(13.5109)  0.2216( 3.9225)
canis_familiaris    0.8760( 7.6612)  0.8055( 7.2140)  0.8055( 7.2140)  0.8093( 6.7986)  0.9139( 6.6806)  0.8419( 7.3924)  0.8524( 7.1452)  0.9086( 8.2480)  0.9086( 8.2480)  0.9086( 8.2480)  0.9108( 7.3582)  0.8368( 6.5319)  0.9605( 7.8810)  0.9353( 7.1899)  1.0393( 7.9441)  1.1684(10.0438)  1.0642( 7.6936)  0.8723(12.9865)  0.8558(14.7618)  3.2789(23.4677)  3.7172(23.6581)  3.4650(28.2471)  1.9670( 9.9794)  2.8174(20.6518)  2.2927( 8.8726)  0.2628( 7.4185)  0.3391( 7.2007)
felis_catus        1.0230( 9.3852)  0.9407( 8.8531)  0.9407( 8.8531)  0.8829( 7.6553)  1.1476( 9.0019)  0.8983( 7.1742)  0.9158( 7.0103)  0.8993( 7.2703)  0.8993( 7.2703)  0.8993( 7.2703)  0.9861( 7.3068)  0.8527( 6.7361)  1.1167(10.7007)  1.0830( 9.7475)  1.1588(10.2116)  1.2076(10.5307)  1.5504(12.2810)  1.0936( 9.5390)  0.9699(16.6073)  3.9356(26.5333)  4.9792(27.4284)  2.3827(18.1365)  2.2010( 9.9598)  1.9317(12.8561)  2.6670( 7.7877)  0.3165( 4.9043)  0.3754( 4.9181)  0.3818( 8.6534)
panthera_pardus    0.8257( 7.1393)  0.7663( 6.7953)  0.7663( 6.7953)  0.7233( 5.8670)  0.9348( 6.9214)  0.8385( 6.5579)  0.8606( 6.4627)  0.8462( 6.7197)  0.8462( 6.7197)  0.8462( 6.7197)  0.9312( 6.7856)  0.7694( 5.8668)  1.0220( 9.6186)  0.9837( 8.6624)  0.9132( 7.5743)  0.9852( 9.1593)  1.2544( 9.5252)  1.1115( 8.6060)  0.9112(13.5864)  4.1861(25.9691)  6.7915(35.1475)  1.8623(13.4229)  1.8503( 7.2501)  1.8678(12.3796)  2.8338( 7.5654)  0.3361( 4.3698)  0.4195( 4.3818)  0.4005( 7.7744)  0.0541( 2.9119)
panthera_tigris_altaica    0.7979( 6.8352)  0.7399( 6.4949)  0.7399( 6.4949)  0.6998( 5.6133)  0.8997( 6.5891)  0.8042( 6.2108)  0.8234( 6.0968)  0.8089( 6.3360)  0.8089( 6.3360)  0.8089( 6.3360)  0.8880( 6.3780)  0.7383( 5.5499)  0.9695( 9.0265)  0.9364( 8.1536)  0.8741( 7.1659)  0.9393( 8.6420)  1.1878( 8.9175)  1.1115( 8.6060)  0.8650(12.7981)  3.7617(23.1634)  6.7915(35.1475)  1.8623(13.4229)  1.9901( 7.9734)  1.7616(11.5720)  2.6069( 6.7972)  0.3283( 4.2244)  0.4195( 4.3908)  0.3895( 7.5135)  0.0499( 2.5201)  0.0035(999.0000)
equus_caballus     0.5594( 5.3889)  0.5202( 4.7911)  0.5418( 5.4171)  0.5734( 5.4876)  0.6219( 5.7484)  0.5282( 4.1034)  0.5336( 4.2242)  0.5367( 3.9943)  0.5367( 3.9943)  0.5367( 3.9943)  0.5733( 4.4192)  0.4948( 3.9863)  0.5429( 4.6349)  0.5801( 4.7907)  0.5912( 4.6367)  0.7461( 6.3510)  0.7052( 6.0988)  0.7035(12.1871)  0.3967( 6.9430)  2.3543(18.7078)  3.9793(26.7266)  1.3018(11.5997)  1.1176( 5.6036)  1.1299( 8.8614)  1.4459( 6.9618)  0.4398( 5.8197)  0.5371( 8.1841)  0.5012( 9.0141)  0.5412( 7.3584)  0.5906( 7.3365)  0.5709( 7.0285)
sus_scrofa         0.7094( 4.2301)  0.6695( 3.6001)  0.6865( 3.9902)  0.7442( 4.2266)  0.7487( 3.9930)  0.7968( 3.7461)  0.7802( 3.4427)  0.7619( 3.5394)  0.7619( 3.5394)  0.7619( 3.5394)  0.8222( 3.5163)  0.7143( 3.1553)  0.7627( 3.5396)  0.7817( 3.4526)  0.7631( 3.8793)  0.7589( 3.5190)  0.7413( 3.4700)  1.4102(13.7283)  0.7234( 7.5256)  2.4077(10.8465)  3.2512(12.3746)  1.6200( 8.7677)  1.2610( 4.8905)  1.0284( 5.3063)  1.7445( 5.0620)  1.0131( 9.4333)  0.8716( 8.1254)  0.8407( 8.7606)  0.8982( 9.2407)  0.8712( 9.0048)  0.8510( 8.7585)  0.5763( 6.2140)
myotis_lucifugus    1.2831(13.0702)  1.1757(11.6636)  1.2004(12.6561)  1.2011(11.8937)  1.2965(11.0599)  1.3174(11.0358)  1.3118(10.5048)  1.2808(10.7886)  1.2808(10.7886)  1.2808(10.7886)  1.2710( 9.5824)  1.1632( 9.4961)  1.2967(11.5301)  1.2108(10.0480)  1.2252(10.9644)  1.3790(13.7015)  1.2836(10.3543)  1.1379(13.2203)  0.9503(17.5032)  2.7341(16.5396)  3.9552(23.9240)  3.6386(26.3494)  2.2882(12.9084)  1.6261(10.4278)  1.3564( 4.7485)  0.8125(10.1448)  1.0818(13.4804)  0.9660(16.3706)  0.8383(10.5982)  0.8649(11.0237)  0.8292(10.4967)  0.5406( 8.2283)  0.9731(11.1419)
pteropus_vampyrus    1.1413(14.5166)  1.0690(12.5429)  1.0548(13.1020)  1.1317(13.3241)  1.1363(11.1727)  1.1929(11.0097)  1.1581(10.7744)  1.1427(11.2674)  1.1427(11.2674)  1.1427(11.2674)  1.1995(10.6171)  1.0275( 9.7989)  1.0253(10.4664)  1.1189(10.9517)  1.1423(10.4343)  1.0704( 9.3722)  1.2862(10.7658)  2.0531(27.6567)  1.0253(22.8456)  5.8632(51.8874) 13.8687(96.8233)  2.1497(19.4287)  1.9173(12.8136)  1.6721(16.3588)  2.5299(12.5820)  1.1896(16.8704)  0.9995(11.0387)  1.3881(30.8988)  0.9803(18.0390)  0.8803(13.7598)  0.8514(13.2610)  0.6356(10.4911)  0.7714( 6.3568)  1.1328(21.5467)
sorex_araneus      2.5787( 9.6477)  2.1545( 7.5686)  2.4218( 9.2930)  2.7451(10.2605)  2.5288( 8.1963)  2.1891( 6.8595)  2.3432( 7.1621)  2.1493( 5.9972)  2.1493( 5.9972)  2.1493( 5.9972)  2.4736( 7.6659)  2.0102( 6.1619)  2.3586( 7.7419)  2.4365( 7.5860)  2.6953( 8.5271)  2.2716( 8.2936)  2.9731( 8.6051)  2.4635( 8.0295)  1.3399( 3.7352)  4.8866(18.4362) 18.7659(66.3718) 33.2109(116.5963)  5.3417(11.1204)  5.2548(13.5560)  3.8498( 5.2628)  3.9246(15.2854)  2.0223( 6.1877)  5.4195(24.2506)  2.4899( 8.1757)  2.6827( 8.8525)  2.5829( 8.4702)  1.2086( 4.3072)  2.6038( 7.8837)  2.2290( 6.6343)  2.7025( 8.7626)
loxodonta_africana    1.1726(10.7934)  1.1185(10.0653)  1.1178(10.5855)  1.1333(10.1718)  1.0391( 8.5461)  1.0913( 7.9974)  1.1681( 8.3293)  1.1528( 8.6714)  1.1528( 8.6714)  1.1528( 8.6714)  1.2560( 9.6342)  1.1611( 8.7033)  1.1344( 8.4666)  1.1583( 8.2338)  1.5300(12.8836)  1.7999(14.5597)  2.3037(21.5797)  1.0116( 9.3994)  1.1009(15.3343)  5.5415(34.2632) 14.3343(72.3303)  2.5247(18.9800)  1.6664( 6.7498)  2.9274(19.0810)  5.4441(23.1615)  1.1123( 7.6335)  1.2030( 9.1972)  1.0401( 7.9788)  1.3430(10.7682)  1.6600(12.5547)  1.5813(11.8814)  0.6075( 5.1235)  1.2751( 9.5021)  1.8521(15.7472)  2.2145(18.7841)  4.2548(12.4487)

TREE #  1:  (37, ((((((20, 21), (23, 22)), 24), 25), ((19, 18), (((17, 16), 15), (((((2, 3), 1), 4), 5), (((14, 13), 12), (11, ((7, 6), ((9, 8), 10)))))))), (36, (((33, 32), (((30, 31), 29), (28, (27, 26)))), (35, 34)))));  MP score: -1.00
lnL(ntime: 72  np: 74):  -4317.980056    +0.000000
  38..37   38..39   39..40   40..41   41..42   42..43   43..44   44..20   44..21   43..45   45..23   45..22   42..24   41..25   40..46   46..47   47..19   47..18   46..48   48..49   49..50   50..17   50..16   49..15   48..51   51..52   52..53   53..54   54..55   55..2    55..3    54..1    53..4    52..5    51..56   56..57   57..58   58..14   58..13   57..12   56..59   59..11   59..60   60..61   61..7    61..6    60..62   62..63   63..9    63..8    62..10   39..64   64..36   64..65   65..66   66..67   67..33   67..32   66..68   68..69   69..70   70..30   70..31   69..29   68..71   71..28   71..72   72..27   72..26   65..73   73..35   73..34 
 0.120793 0.169575 0.035028 0.038022 0.000004 0.186390 0.072523 0.198818 0.355207 0.060641 0.090287 0.104466 0.270546 0.391941 0.023086 0.029729 0.073616 0.188870 0.118189 0.044860 0.001841 0.047656 0.039437 0.022651 0.007959 0.007495 0.015021 0.003381 0.000004 0.003611 0.003591 0.010880 0.014792 0.030016 0.025863 0.003222 0.018078 0.003709 0.003563 0.015154 0.011874 0.014603 0.000004 0.000004 0.000004 0.007272 0.007292 0.000004 0.000004 0.000004 0.000004 0.036254 0.555572 0.000004 0.000004 0.000004 0.210818 0.107302 0.086685 0.109605 0.027460 0.003703 0.000004 0.018537 0.012329 0.096219 0.022655 0.105028 0.064630 0.022222 0.214284 0.204567 4.760261 5.969163

tree length =   4.78947

(loxodonta_africana, ((((((chinchilla_lanigera, octodon_degus), (heterocephalus_glaber_male, fukomys_damarensis)), ictidomys_tridecemlineatus), dipodomys_ordii), ((propithecus_coquereli, otolemur_garnettii), (((saimiri_boliviensis_boliviensis, cebus_capucinus), aotus_nancymaae), (((((pan_paniscus, pan_troglodytes), homo_sapiens), gorilla_gorilla), nomascus_leucogenys), (((rhinopithecus_roxellana, rhinopithecus_bieti), colobus_angolensis_palliatus), (chlorocebus_sabaeus, ((mandrillus_leucophaeus, cercocebus_atys), ((macaca_mulatta, macaca_fascicularis), macaca_nemestrina)))))))), (sorex_araneus, (((sus_scrofa, equus_caballus), (((panthera_pardus, panthera_tigris_altaica), felis_catus), (canis_familiaris, (mustela_putorius_furo, ailuropoda_melanoleuca)))), (pteropus_vampyrus, myotis_lucifugus)))));

(loxodonta_africana: 0.120793, ((((((chinchilla_lanigera: 0.198818, octodon_degus: 0.355207): 0.072523, (heterocephalus_glaber_male: 0.090287, fukomys_damarensis: 0.104466): 0.060641): 0.186390, ictidomys_tridecemlineatus: 0.270546): 0.000004, dipodomys_ordii: 0.391941): 0.038022, ((propithecus_coquereli: 0.073616, otolemur_garnettii: 0.188870): 0.029729, (((saimiri_boliviensis_boliviensis: 0.047656, cebus_capucinus: 0.039437): 0.001841, aotus_nancymaae: 0.022651): 0.044860, (((((pan_paniscus: 0.003611, pan_troglodytes: 0.003591): 0.000004, homo_sapiens: 0.010880): 0.003381, gorilla_gorilla: 0.014792): 0.015021, nomascus_leucogenys: 0.030016): 0.007495, (((rhinopithecus_roxellana: 0.003709, rhinopithecus_bieti: 0.003563): 0.018078, colobus_angolensis_palliatus: 0.015154): 0.003222, (chlorocebus_sabaeus: 0.014603, ((mandrillus_leucophaeus: 0.000004, cercocebus_atys: 0.007272): 0.000004, ((macaca_mulatta: 0.000004, macaca_fascicularis: 0.000004): 0.000004, macaca_nemestrina: 0.000004): 0.007292): 0.000004): 0.011874): 0.025863): 0.007959): 0.118189): 0.023086): 0.035028, (sorex_araneus: 0.555572, (((sus_scrofa: 0.210818, equus_caballus: 0.107302): 0.000004, (((panthera_pardus: 0.003703, panthera_tigris_altaica: 0.000004): 0.027460, felis_catus: 0.018537): 0.109605, (canis_familiaris: 0.096219, (mustela_putorius_furo: 0.105028, ailuropoda_melanoleuca: 0.064630): 0.022655): 0.012329): 0.086685): 0.000004, (pteropus_vampyrus: 0.214284, myotis_lucifugus: 0.204567): 0.022222): 0.000004): 0.036254): 0.169575);

Detailed output identifying parameters

Parameters (kappa) in the rate matrix (HKY85) (Yang 1994 J Mol Evol 39:105-111):
  4.76026

alpha (gamma, K=5) =  5.96916
rate:   0.50334  0.75109  0.94592  1.17297  1.62667
freq:   0.20000  0.20000  0.20000  0.20000  0.20000

