
BASEML (in paml version 4.9h, March 2018)  ../../0_chopped_alignments/segment_11196_11705_116_166/alignment.fa  HKY85 dGamma (ncatG=5)
Frequencies..
                                    T      C      A      G
homo_sapiens                   0.28261 0.08696 0.28261 0.34783 GC = 0.435
pan_paniscus                   0.28261 0.08696 0.26087 0.36957 GC = 0.457
pan_troglodytes                0.28261 0.08696 0.26087 0.36957 GC = 0.457
gorilla_gorilla                0.28261 0.08696 0.26087 0.36957 GC = 0.457
nomascus_leucogenys            0.28261 0.08696 0.26087 0.36957 GC = 0.457
cercocebus_atys                0.28261 0.08696 0.26087 0.36957 GC = 0.457
mandrillus_leucophaeus         0.28261 0.08696 0.26087 0.36957 GC = 0.457
macaca_fascicularis            0.28261 0.08696 0.26087 0.36957 GC = 0.457
macaca_mulatta                 0.28261 0.08696 0.26087 0.36957 GC = 0.457
macaca_nemestrina              0.28261 0.08696 0.26087 0.36957 GC = 0.457
chlorocebus_sabaeus            0.28261 0.08696 0.26087 0.36957 GC = 0.457
colobus_angolensis_palliatus   0.28261 0.08696 0.26087 0.36957 GC = 0.457
rhinopithecus_bieti            0.28261 0.08696 0.26087 0.36957 GC = 0.457
rhinopithecus_roxellana        0.28261 0.08696 0.26087 0.36957 GC = 0.457
aotus_nancymaae                0.28261 0.08696 0.28261 0.34783 GC = 0.435
cebus_capucinus                0.28261 0.08696 0.28261 0.34783 GC = 0.435
saimiri_boliviensis_boliviensis 0.28261 0.08696 0.30435 0.32609 GC = 0.413
otolemur_garnettii             0.21739 0.10870 0.32609 0.34783 GC = 0.457
propithecus_coquereli          0.26087 0.08696 0.32609 0.32609 GC = 0.413
cavia_porcellus                0.28889 0.06667 0.33333 0.31111 GC = 0.378
chinchilla_lanigera            0.26087 0.08696 0.41304 0.23913 GC = 0.326
octodon_degus                  0.30435 0.08696 0.28261 0.32609 GC = 0.413
fukomys_damarensis             0.28261 0.06522 0.32609 0.32609 GC = 0.391
heterocephalus_glaber_male     0.26087 0.08696 0.32609 0.32609 GC = 0.413
ictidomys_tridecemlineatus     0.26087 0.06522 0.39130 0.28261 GC = 0.348
jaculus_jaculus                0.17391 0.15217 0.26087 0.41304 GC = 0.565
dipodomys_ordii                0.30435 0.08696 0.26087 0.34783 GC = 0.435
ailuropoda_melanoleuca         0.23913 0.10870 0.36957 0.28261 GC = 0.391
mustela_putorius_furo          0.21739 0.10870 0.34783 0.32609 GC = 0.435
canis_familiaris               0.20408 0.12245 0.32653 0.34694 GC = 0.469
felis_catus                    0.23913 0.08696 0.32609 0.34783 GC = 0.435
panthera_pardus                0.23913 0.08696 0.32609 0.34783 GC = 0.435
panthera_tigris_altaica        0.23913 0.08696 0.32609 0.34783 GC = 0.435
equus_caballus                 0.28261 0.08696 0.30435 0.32609 GC = 0.413
sus_scrofa                     0.27660 0.08511 0.31915 0.31915 GC = 0.404
myotis_lucifugus               0.26087 0.08696 0.30435 0.34783 GC = 0.435
pteropus_vampyrus              0.26087 0.08696 0.30435 0.34783 GC = 0.435
sorex_araneus                  0.23913 0.08696 0.34783 0.32609 GC = 0.413
loxodonta_africana             0.19565 0.13043 0.36957 0.30435 GC = 0.435

Homogeneity statistic: X2 = 0.56729 G = 0.56444 

Average                        0.26433 0.09071 0.30161 0.34335
(Ambiguity characters are used to calculate freqs.)


# constant sites:      9 (18.00%)
Distances:HKY85 (kappa)  (alpha set at 0.50)
This matrix is not used in later m.l. analysis.

(Pairwise deletion.)
homo_sapiens     
pan_paniscus       0.0152(999.0000)
pan_troglodytes    0.0152(999.0000)  0.0000(999.0000)
gorilla_gorilla    0.0152(999.0000)  0.0000(999.0000)  0.0000(999.0000)
nomascus_leucogenys    0.0152(999.0000)  0.0000(999.0000)  0.0000(999.0000)  0.0000(999.0000)
cercocebus_atys    0.0152(999.0000)  0.0000(999.0000)  0.0000(999.0000)  0.0000(999.0000)  0.0000(999.0000)
mandrillus_leucophaeus    0.0152(999.0000)  0.0000(999.0000)  0.0000(999.0000)  0.0000(999.0000)  0.0000(999.0000)  0.0000(999.0000)
macaca_fascicularis    0.0152(999.0000)  0.0000(999.0000)  0.0000(999.0000)  0.0000(999.0000)  0.0000(999.0000)  0.0000(999.0000)  0.0000(999.0000)
macaca_mulatta     0.0152(999.0000)  0.0000(999.0000)  0.0000(999.0000)  0.0000(999.0000)  0.0000(999.0000)  0.0000(999.0000)  0.0000(999.0000)  0.0000(999.0000)
macaca_nemestrina    0.0152(999.0000)  0.0000(999.0000)  0.0000(999.0000)  0.0000(999.0000)  0.0000(999.0000)  0.0000(999.0000)  0.0000(999.0000)  0.0000(999.0000)  0.0000(999.0000)
chlorocebus_sabaeus    0.0152(999.0000)  0.0000(999.0000)  0.0000(999.0000)  0.0000(999.0000)  0.0000(999.0000)  0.0000(999.0000)  0.0000(999.0000)  0.0000(999.0000)  0.0000(999.0000)  0.0000(999.0000)
colobus_angolensis_palliatus    0.0152(999.0000)  0.0000(999.0000)  0.0000(999.0000)  0.0000(999.0000)  0.0000(999.0000)  0.0000(999.0000)  0.0000(999.0000)  0.0000(999.0000)  0.0000(999.0000)  0.0000(999.0000)  0.0000(999.0000)
rhinopithecus_bieti    0.0152(999.0000)  0.0000(999.0000)  0.0000(999.0000)  0.0000(999.0000)  0.0000(999.0000)  0.0000(999.0000)  0.0000(999.0000)  0.0000(999.0000)  0.0000(999.0000)  0.0000(999.0000)  0.0000(999.0000)  0.0000(999.0000)
rhinopithecus_roxellana    0.0152(999.0000)  0.0000(999.0000)  0.0000(999.0000)  0.0000(999.0000)  0.0000(999.0000)  0.0000(999.0000)  0.0000(999.0000)  0.0000(999.0000)  0.0000(999.0000)  0.0000(999.0000)  0.0000(999.0000)  0.0000(999.0000)  0.0000(999.0000)
aotus_nancymaae    0.0000(999.0000)  0.0152(999.0000)  0.0152(999.0000)  0.0152(999.0000)  0.0152(999.0000)  0.0152(999.0000)  0.0152(999.0000)  0.0152(999.0000)  0.0152(999.0000)  0.0152(999.0000)  0.0152(999.0000)  0.0152(999.0000)  0.0152(999.0000)  0.0152(999.0000)
cebus_capucinus    0.0000(999.0000)  0.0152(999.0000)  0.0152(999.0000)  0.0152(999.0000)  0.0152(999.0000)  0.0152(999.0000)  0.0152(999.0000)  0.0152(999.0000)  0.0152(999.0000)  0.0152(999.0000)  0.0152(999.0000)  0.0152(999.0000)  0.0152(999.0000)  0.0152(999.0000)  0.0000(999.0000)
saimiri_boliviensis_boliviensis    0.0151(999.0000)  0.0341(999.0000)  0.0341(999.0000)  0.0341(999.0000)  0.0341(999.0000)  0.0341(999.0000)  0.0341(999.0000)  0.0341(999.0000)  0.0341(999.0000)  0.0341(999.0000)  0.0341(999.0000)  0.0341(999.0000)  0.0341(999.0000)  0.0341(999.0000)  0.0151(999.0000)  0.0151(999.0000)
otolemur_garnettii    0.1276( 0.1057)  0.1510( 0.4460)  0.1510( 0.4460)  0.1510( 0.4460)  0.1510( 0.4460)  0.1510( 0.4460)  0.1510( 0.4460)  0.1510( 0.4460)  0.1510( 0.4460)  0.1510( 0.4460)  0.1510( 0.4460)  0.1510( 0.4460)  0.1510( 0.4460)  0.1510( 0.4460)  0.1276( 0.1057)  0.1276( 0.1057)  0.1508( 0.4392)
propithecus_coquereli    0.0386( 1.1865)  0.0583( 2.7313)  0.0583( 2.7313)  0.0583( 2.7313)  0.0583( 2.7313)  0.0583( 2.7313)  0.0583( 2.7313)  0.0583( 2.7313)  0.0583( 2.7313)  0.0583( 2.7313)  0.0583( 2.7313)  0.0583( 2.7313)  0.0583( 2.7313)  0.0583( 2.7313)  0.0386( 1.1865)  0.0386( 1.1865)  0.0582( 2.7075)  0.1154( 0.6580)
cavia_porcellus    0.3236( 2.9610)  0.3648( 3.5807)  0.3648( 3.5807)  0.3648( 3.5807)  0.3648( 3.5807)  0.3648( 3.5807)  0.3648( 3.5807)  0.3648( 3.5807)  0.3648( 3.5807)  0.3648( 3.5807)  0.3648( 3.5807)  0.3648( 3.5807)  0.3648( 3.5807)  0.3648( 3.5807)  0.3236( 2.9610)  0.3236( 2.9610)  0.2928( 2.5026)  0.5107( 2.0210)  0.3155( 4.7791)
chinchilla_lanigera    0.6752( 5.6891)  0.7357( 6.3385)  0.7357( 6.3385)  0.7357( 6.3385)  0.7357( 6.3385)  0.7357( 6.3385)  0.7357( 6.3385)  0.7357( 6.3385)  0.7357( 6.3385)  0.7357( 6.3385)  0.7357( 6.3385)  0.7357( 6.3385)  0.7357( 6.3385)  0.7357( 6.3385)  0.6752( 5.6891)  0.6752( 5.6891)  0.7345( 6.3844)  0.6212( 1.9306)  0.6580( 7.9736)  1.5793(31.5911)
octodon_degus      0.5703( 4.9009)  0.6164( 5.4880)  0.6164( 5.4880)  0.6164( 5.4880)  0.6164( 5.4880)  0.6164( 5.4880)  0.6164( 5.4880)  0.6164( 5.4880)  0.6164( 5.4880)  0.6164( 5.4880)  0.6164( 5.4880)  0.6164( 5.4880)  0.6164( 5.4880)  0.6164( 5.4880)  0.5703( 4.9009)  0.5703( 4.9009)  0.5366( 4.4791)  0.8561( 3.6264)  0.5529( 6.8482)  0.6015(11.8373)  0.6095( 7.8025)
fukomys_damarensis    0.0944( 0.2725)  0.1161( 0.7666)  0.1161( 0.7666)  0.1161( 0.7666)  0.1161( 0.7666)  0.1161( 0.7666)  0.1161( 0.7666)  0.1161( 0.7666)  0.1161( 0.7666)  0.1161( 0.7666)  0.1161( 0.7666)  0.1161( 0.7666)  0.1161( 0.7666)  0.1161( 0.7666)  0.0944( 0.2725)  0.0944( 0.2725)  0.1160( 0.7590)  0.1885( 0.2220)  0.0845( 1.1944)  0.2341(15.7106)  0.4898(15.7261)  0.4489(15.1459)
heterocephalus_glaber_male    0.2499( 3.7139)  0.2872( 4.5591)  0.2872( 4.5591)  0.2872( 4.5591)  0.2872( 4.5591)  0.2872( 4.5591)  0.2872( 4.5591)  0.2872( 4.5591)  0.2872( 4.5591)  0.2872( 4.5591)  0.2872( 4.5591)  0.2872( 4.5591)  0.2872( 4.5591)  0.2872( 4.5591)  0.2499( 3.7139)  0.2499( 3.7139)  0.2872( 4.5326)  0.2603( 0.9405)  0.2456( 6.7690)  0.4356(30.2490)  0.3552(10.7343)  0.9015(31.7634)  0.1231(999.0000)
ictidomys_tridecemlineatus    0.2227( 6.0764)  0.2559( 7.2391)  0.2559( 7.2391)  0.2559( 7.2391)  0.2559( 7.2391)  0.2559( 7.2391)  0.2559( 7.2391)  0.2559( 7.2391)  0.2559( 7.2391)  0.2559( 7.2391)  0.2559( 7.2391)  0.2559( 7.2391)  0.2559( 7.2391)  0.2559( 7.2391)  0.2227( 6.0764)  0.2227( 6.0764)  0.2558( 7.2630)  0.3269( 2.7651)  0.2180(14.3733)  0.2721( 2.0459)  2.3343(23.2813)  1.8890(19.4607)  0.3316( 5.2829)  0.7220(13.3521)
jaculus_jaculus    1.2944( 8.4781)  1.3888( 9.3153)  1.3888( 9.3153)  1.3888( 9.3153)  1.3888( 9.3153)  1.3888( 9.3153)  1.3888( 9.3153)  1.3888( 9.3153)  1.3888( 9.3153)  1.3888( 9.3153)  1.3888( 9.3153)  1.3888( 9.3153)  1.3888( 9.3153)  1.3888( 9.3153)  1.2944( 8.4781)  1.2944( 8.4781)  1.3938( 9.1871)  1.3797( 4.1840)  1.3889(12.1811) 12.6447(51.1571)  1.9297( 4.9171)  5.8607(20.6229)  1.9076( 9.3379)  1.1706( 5.0375)  3.2480(41.1640)
dipodomys_ordii    0.0954( 0.3268)  0.0771(-0.1120)  0.0771(-0.1120)  0.0771(-0.1120)  0.0771(-0.1120)  0.0771(-0.1120)  0.0771(-0.1120)  0.0771(-0.1120)  0.0771(-0.1120)  0.0771(-0.1120)  0.0771(-0.1120)  0.0771(-0.1120)  0.0771(-0.1120)  0.0771(-0.1120)  0.0954( 0.3268)  0.0954( 0.3268)  0.1185( 0.8777)  0.1911( 0.2940)  0.0866( 1.3545)  0.4207( 2.8239)  0.8209( 5.2735)  0.6909( 4.5128)  0.1517( 0.5250)  0.3341( 3.4033)  0.2613( 4.0282)  1.5339( 7.9339)
ailuropoda_melanoleuca    0.1458( 1.3854)  0.1836( 2.2090)  0.1836( 2.2090)  0.1836( 2.2090)  0.1836( 2.2090)  0.1836( 2.2090)  0.1836( 2.2090)  0.1836( 2.2090)  0.1836( 2.2090)  0.1836( 2.2090)  0.1836( 2.2090)  0.1836( 2.2090)  0.1836( 2.2090)  0.1836( 2.2090)  0.1458( 1.3854)  0.1458( 1.3854)  0.1838( 2.2178)  0.2615( 0.9445)  0.1461( 3.2819)  0.4264( 7.0109)  0.6922( 8.5194)  0.7672( 4.7142)  0.1505( 0.4418)  0.3364( 3.1258)  0.3467( 5.5012)  0.9958( 3.9745)  0.2266( 1.6680)
mustela_putorius_furo    0.1508( 0.4392)  0.1808( 0.8742)  0.1808( 0.8742)  0.1808( 0.8742)  0.1808( 0.8742)  0.1808( 0.8742)  0.1808( 0.8742)  0.1808( 0.8742)  0.1808( 0.8742)  0.1808( 0.8742)  0.1808( 0.8742)  0.1808( 0.8742)  0.1808( 0.8742)  0.1808( 0.8742)  0.1508( 0.4392)  0.1508( 0.4392)  0.1805( 0.8677)  0.2070(-0.1254)  0.1426( 1.2073)  0.4206( 3.9598)  0.8270( 6.7593)  0.8566( 3.6229)  0.2190( 0.5324)  0.4590( 2.9386)  0.3630( 3.2663)  1.1969( 3.3969)  0.2239( 0.6510)  0.0822( 4.1816)
canis_familiaris    0.4585( 4.8219)  0.5699( 6.4285)  0.5699( 6.4285)  0.5699( 6.4285)  0.5699( 6.4285)  0.5699( 6.4285)  0.5699( 6.4285)  0.5699( 6.4285)  0.5699( 6.4285)  0.5699( 6.4285)  0.5699( 6.4285)  0.5699( 6.4285)  0.5699( 6.4285)  0.5699( 6.4285)  0.4585( 4.8219)  0.4585( 4.8219)  0.3833( 3.7470)  0.7246( 3.5388)  0.4898( 8.1430)  0.4206( 3.9598)  2.6277(24.9225)  0.6994( 2.5957)  0.6476( 4.8351)  0.7092( 5.3976)  0.9873(11.5865) 13.6050(54.8861)  0.6612( 5.3609)  0.3716(24.5546)  0.2476(999.0000)
felis_catus        0.0647( 0.4916)  0.0852( 1.2104)  0.0852( 1.2104)  0.0852( 1.2104)  0.0852( 1.2104)  0.0852( 1.2104)  0.0852( 1.2104)  0.0852( 1.2104)  0.0852( 1.2104)  0.0852( 1.2104)  0.0852( 1.2104)  0.0852( 1.2104)  0.0852( 1.2104)  0.0852( 1.2104)  0.0647( 0.4916)  0.0647( 0.4916)  0.0851( 1.1961)  0.1490( 0.3621)  0.0569( 2.4256)  0.3837( 3.5114)  0.6563(11.8706)  0.6762( 5.6788)  0.1146( 0.6580)  0.2991( 4.4270)  0.2695( 7.1446)  1.0445( 5.8834)  0.1167( 0.7666)  0.0574( 2.4321)  0.0644( 0.4274)  0.2856( 7.3858)
panthera_pardus    0.0647( 0.4916)  0.0852( 1.2104)  0.0852( 1.2104)  0.0852( 1.2104)  0.0852( 1.2104)  0.0852( 1.2104)  0.0852( 1.2104)  0.0852( 1.2104)  0.0852( 1.2104)  0.0852( 1.2104)  0.0852( 1.2104)  0.0852( 1.2104)  0.0852( 1.2104)  0.0852( 1.2104)  0.0647( 0.4916)  0.0647( 0.4916)  0.0851( 1.1961)  0.1490( 0.3621)  0.0569( 2.4256)  0.3837( 3.5114)  0.6563(11.8706)  0.6762( 5.6788)  0.1146( 0.6580)  0.2991( 4.4270)  0.2695( 7.1446)  1.0445( 5.8834)  0.1167( 0.7666)  0.0574( 2.4321)  0.0644( 0.4274)  0.2856( 7.3858)  0.0000( 7.3858)
panthera_tigris_altaica    0.0647( 0.4916)  0.0852( 1.2104)  0.0852( 1.2104)  0.0852( 1.2104)  0.0852( 1.2104)  0.0852( 1.2104)  0.0852( 1.2104)  0.0852( 1.2104)  0.0852( 1.2104)  0.0852( 1.2104)  0.0852( 1.2104)  0.0852( 1.2104)  0.0852( 1.2104)  0.0852( 1.2104)  0.0647( 0.4916)  0.0647( 0.4916)  0.0851( 1.1961)  0.1490( 0.3621)  0.0569( 2.4256)  0.3837( 3.5114)  0.6563(11.8706)  0.6762( 5.6788)  0.1146( 0.6580)  0.2991( 4.4270)  0.2695( 7.1446)  1.0445( 5.8834)  0.1167( 0.7666)  0.0574( 2.4321)  0.0644( 0.4274)  0.2856( 7.3858)  0.0000( 7.3858)  0.0000( 7.3858)
equus_caballus     0.1283( 0.1438)  0.1525( 0.5302)  0.1525( 0.5302)  0.1525( 0.5302)  0.1525( 0.5302)  0.1525( 0.5302)  0.1525( 0.5302)  0.1525( 0.5302)  0.1525( 0.5302)  0.1525( 0.5302)  0.1525( 0.5302)  0.1525( 0.5302)  0.1525( 0.5302)  0.1525( 0.5302)  0.1283( 0.1438)  0.1283( 0.1438)  0.1522( 0.5219)  0.2258( 1.5213)  0.1166( 0.7590)  0.3648( 3.5672)  0.6162(11.9441)  0.6181( 5.4548)  0.1160( 0.7590)  0.2872( 4.5326)  0.3211( 2.9915)  1.3262( 4.4554)  0.1930( 0.3671)  0.1838( 2.2178)  0.1276( 0.1043)  0.5674( 6.3689)  0.0851( 1.1961)  0.0851( 1.1961)  0.0851( 1.1961)
sus_scrofa         0.2829( 2.5935)  0.3676( 3.9531)  0.3676( 3.9531)  0.3676( 3.9531)  0.3676( 3.9531)  0.3676( 3.9531)  0.3676( 3.9531)  0.3676( 3.9531)  0.3676( 3.9531)  0.3676( 3.9531)  0.3676( 3.9531)  0.3676( 3.9531)  0.3676( 3.9531)  0.3676( 3.9531)  0.2829( 2.5935)  0.2829( 2.5935)  0.3638( 3.8625)  0.3763( 1.2334)  0.3029( 4.8792)  0.5018( 5.5934)  1.7028(36.2514)  1.1740(12.1087)  0.2991( 4.8792)  0.4079( 7.2027)  0.3593( 3.5610)  1.2287( 7.8951)  0.3412( 2.1481)  0.4118( 7.1951)  0.4545( 4.8167)  1.0146(12.7400)  0.2509( 6.9614)  0.2509( 6.9614)  0.2509( 6.9614)  0.1983( 5.5204)
myotis_lucifugus    0.0946( 0.2745)  0.1169( 0.7744)  0.1169( 0.7744)  0.1169( 0.7744)  0.1169( 0.7744)  0.1169( 0.7744)  0.1169( 0.7744)  0.1169( 0.7744)  0.1169( 0.7744)  0.1169( 0.7744)  0.1169( 0.7744)  0.1169( 0.7744)  0.1169( 0.7744)  0.1169( 0.7744)  0.0946( 0.2745)  0.0946( 0.2745)  0.0771(-0.1152)  0.1889( 0.2232)  0.0851( 1.1961)  0.2505( 3.4312)  0.5480(17.4144)  0.4792( 5.7015)  0.0845( 1.1961)  0.2456( 6.7750)  0.3120( 4.7686)  1.1757( 5.1025)  0.1525( 0.5302)  0.1458( 3.2639)  0.1426( 1.2073)  0.3315( 4.9744)  0.0570( 2.4321)  0.0570( 2.4321)  0.0570( 2.4321)  0.0582( 2.7154)  0.2184(15.2078)
pteropus_vampyrus    0.0946( 0.2745)  0.1169( 0.7744)  0.1169( 0.7744)  0.1169( 0.7744)  0.1169( 0.7744)  0.1169( 0.7744)  0.1169( 0.7744)  0.1169( 0.7744)  0.1169( 0.7744)  0.1169( 0.7744)  0.1169( 0.7744)  0.1169( 0.7744)  0.1169( 0.7744)  0.1169( 0.7744)  0.0946( 0.2745)  0.0946( 0.2745)  0.1166( 0.7615)  0.1889( 0.2232)  0.0851( 1.1961)  0.3155( 4.7791)  0.4399(13.6279)  0.5523( 6.8592)  0.0845( 1.1961)  0.2456( 6.7750)  0.3120( 4.7686)  1.1757( 5.1025)  0.1525( 0.5302)  0.1458( 3.2639)  0.1426( 1.2073)  0.4898( 8.1430)  0.0570( 2.4321)  0.0570( 2.4321)  0.0570( 2.4321)  0.0582( 2.7154)  0.2184(15.2078)  0.0328(999.0000)
sorex_araneus      0.1445( 3.2639)  0.1898( 4.8517)  0.1898( 4.8517)  0.1898( 4.8517)  0.1898( 4.8517)  0.1898( 4.8517)  0.1898( 4.8517)  0.1898( 4.8517)  0.1898( 4.8517)  0.1898( 4.8517)  0.1898( 4.8517)  0.1898( 4.8517)  0.1898( 4.8517)  0.1898( 4.8517)  0.1445( 3.2639)  0.1445( 3.2639)  0.1892( 4.8113)  0.1771( 0.7350)  0.0806( 4.1438)  0.6143( 6.6475)  1.1394(22.0329)  0.7360( 6.3296)  0.2211( 2.8716)  0.5002( 8.5464)  0.3108( 8.5341)  0.9207( 4.9647)  0.1823( 2.2178)  0.2872(18.9675)  0.1410( 2.8659)  1.0223(30.6015)  0.1175(999.0000)  0.1175(999.0000)  0.1175(999.0000)  0.1109( 2.0919)  0.3382( 9.9871)  0.1512( 9.2554)  0.1512( 9.2554)
loxodonta_africana    0.3854(11.3344)  0.4313(12.8978)  0.4313(12.8978)  0.4313(12.8978)  0.4313(12.8978)  0.4313(12.8978)  0.4313(12.8978)  0.4313(12.8978)  0.4313(12.8978)  0.4313(12.8978)  0.4313(12.8978)  0.4313(12.8978)  0.4313(12.8978)  0.4313(12.8978)  0.3854(11.3344)  0.3854(11.3344)  0.4313(12.8978)  0.3880( 3.4786)  0.3102(20.3303)  1.5127(18.4171)  0.5896(10.4144)  2.6980(27.2890)  0.5501( 9.4672)  0.4908( 8.1770)  0.6326(18.7435)  1.2176( 6.9803)  0.4855( 8.6766)  0.4255(28.5069)  0.5890(16.8653)  2.0707(62.9237)  0.3881(999.0000)  0.3881(999.0000)  0.3881(999.0000)  0.4944(15.0378)  0.5845(18.0920)  0.4382(29.3541)  0.3417(22.5259)  0.4563(999.0000)

TREE #  1:  (39, (((((((20, 21), 22), (24, 23)), 25), (27, 26)), ((19, 18), (((17, 16), 15), (((((2, 3), 1), 4), 5), (((14, 13), 12), (11, ((7, 6), ((9, 8), 10)))))))), (38, (((35, 34), (((32, 33), 31), (30, (29, 28)))), (37, 36)))));  MP score: -1.00
lnL(ntime: 76  np: 78):   -436.562569    +0.000000
  40..39   40..41   41..42   42..43   43..44   44..45   45..46   46..47   47..20   47..21   46..22   45..48   48..24   48..23   44..25   43..49   49..27   49..26   42..50   50..51   51..19   51..18   50..52   52..53   53..54   54..17   54..16   53..15   52..55   55..56   56..57   57..58   58..59   59..2    59..3    58..1    57..4    56..5    55..60   60..61   61..62   62..14   62..13   61..12   60..63   63..11   63..64   64..65   65..7    65..6    64..66   66..67   67..9    67..8    66..10   41..68   68..38   68..69   69..70   70..71   71..35   71..34   70..72   72..73   73..74   74..32   74..33   73..31   72..75   75..30   75..76   76..29   76..28   69..77   77..37   77..36 
 0.040921 0.127913 0.023447 0.000004 0.000004 0.051275 0.000004 0.000004 0.132402 0.219932 0.190308 0.021023 0.069612 0.000004 0.122268 0.000004 0.072834 0.478485 0.000004 0.000004 0.022170 0.099454 0.022626 0.000004 0.000004 0.022412 0.000004 0.000004 0.022500 0.000004 0.000004 0.000004 0.000004 0.000004 0.000004 0.022500 0.000004 0.000004 0.000004 0.000004 0.000004 0.000004 0.000004 0.000004 0.000004 0.000004 0.000004 0.000004 0.000004 0.000004 0.000004 0.000004 0.000004 0.000004 0.000004 0.000004 0.092451 0.024155 0.000004 0.000004 0.151847 0.046509 0.045878 0.000004 0.000004 0.000004 0.000004 0.000004 0.025387 0.171490 0.000004 0.042801 0.046376 0.000004 0.022206 0.022190 5.129924 2.722224

tree length =   2.45356

(loxodonta_africana, (((((((cavia_porcellus, chinchilla_lanigera), octodon_degus), (heterocephalus_glaber_male, fukomys_damarensis)), ictidomys_tridecemlineatus), (dipodomys_ordii, jaculus_jaculus)), ((propithecus_coquereli, otolemur_garnettii), (((saimiri_boliviensis_boliviensis, cebus_capucinus), aotus_nancymaae), (((((pan_paniscus, pan_troglodytes), homo_sapiens), gorilla_gorilla), nomascus_leucogenys), (((rhinopithecus_roxellana, rhinopithecus_bieti), colobus_angolensis_palliatus), (chlorocebus_sabaeus, ((mandrillus_leucophaeus, cercocebus_atys), ((macaca_mulatta, macaca_fascicularis), macaca_nemestrina)))))))), (sorex_araneus, (((sus_scrofa, equus_caballus), (((panthera_pardus, panthera_tigris_altaica), felis_catus), (canis_familiaris, (mustela_putorius_furo, ailuropoda_melanoleuca)))), (pteropus_vampyrus, myotis_lucifugus)))));

(loxodonta_africana: 0.040921, (((((((cavia_porcellus: 0.132402, chinchilla_lanigera: 0.219932): 0.000004, octodon_degus: 0.190308): 0.000004, (heterocephalus_glaber_male: 0.069612, fukomys_damarensis: 0.000004): 0.021023): 0.051275, ictidomys_tridecemlineatus: 0.122268): 0.000004, (dipodomys_ordii: 0.072834, jaculus_jaculus: 0.478485): 0.000004): 0.000004, ((propithecus_coquereli: 0.022170, otolemur_garnettii: 0.099454): 0.000004, (((saimiri_boliviensis_boliviensis: 0.022412, cebus_capucinus: 0.000004): 0.000004, aotus_nancymaae: 0.000004): 0.000004, (((((pan_paniscus: 0.000004, pan_troglodytes: 0.000004): 0.000004, homo_sapiens: 0.022500): 0.000004, gorilla_gorilla: 0.000004): 0.000004, nomascus_leucogenys: 0.000004): 0.000004, (((rhinopithecus_roxellana: 0.000004, rhinopithecus_bieti: 0.000004): 0.000004, colobus_angolensis_palliatus: 0.000004): 0.000004, (chlorocebus_sabaeus: 0.000004, ((mandrillus_leucophaeus: 0.000004, cercocebus_atys: 0.000004): 0.000004, ((macaca_mulatta: 0.000004, macaca_fascicularis: 0.000004): 0.000004, macaca_nemestrina: 0.000004): 0.000004): 0.000004): 0.000004): 0.000004): 0.022500): 0.022626): 0.000004): 0.023447, (sorex_araneus: 0.092451, (((sus_scrofa: 0.151847, equus_caballus: 0.046509): 0.000004, (((panthera_pardus: 0.000004, panthera_tigris_altaica: 0.000004): 0.000004, felis_catus: 0.000004): 0.000004, (canis_familiaris: 0.171490, (mustela_putorius_furo: 0.042801, ailuropoda_melanoleuca: 0.046376): 0.000004): 0.025387): 0.045878): 0.000004, (pteropus_vampyrus: 0.022206, myotis_lucifugus: 0.022190): 0.000004): 0.024155): 0.000004): 0.127913);

Detailed output identifying parameters

Parameters (kappa) in the rate matrix (HKY85) (Yang 1994 J Mol Evol 39:105-111):
  5.12992

alpha (gamma, K=5) =  2.72222
rate:   0.32773  0.61793  0.88314  1.21842  1.95278
freq:   0.20000  0.20000  0.20000  0.20000  0.20000

check convergence..
