
BASEML (in paml version 4.9h, March 2018)  ../../0_chopped_alignments/segment_8305_8605/alignment.fa  HKY85 dGamma (ncatG=5)
Frequencies..
                                    T      C      A      G
homo_sapiens                   0.36149 0.19257 0.26014 0.18581 GC = 0.378
pan_paniscus                   0.36149 0.18919 0.26014 0.18919 GC = 0.378
pan_troglodytes                0.36149 0.18919 0.25676 0.19257 GC = 0.382
gorilla_gorilla                0.36824 0.18243 0.25676 0.19257 GC = 0.375
nomascus_leucogenys            0.36149 0.18581 0.26689 0.18581 GC = 0.372
cercocebus_atys                0.35135 0.20270 0.25338 0.19257 GC = 0.395
mandrillus_leucophaeus         0.35473 0.19932 0.25338 0.19257 GC = 0.392
macaca_fascicularis            0.35354 0.19865 0.26263 0.18519 GC = 0.384
macaca_mulatta                 0.35354 0.19865 0.25926 0.18855 GC = 0.387
macaca_nemestrina              0.35473 0.19595 0.25676 0.19257 GC = 0.389
chlorocebus_sabaeus            0.36149 0.18919 0.26014 0.18919 GC = 0.378
colobus_angolensis_palliatus   0.35811 0.19595 0.25000 0.19595 GC = 0.392
rhinopithecus_bieti            0.36149 0.19257 0.25000 0.19595 GC = 0.389
rhinopithecus_roxellana        0.36149 0.19257 0.25000 0.19595 GC = 0.389
aotus_nancymaae                0.35971 0.18345 0.26619 0.19065 GC = 0.374
cebus_capucinus                0.36201 0.18638 0.26165 0.18996 GC = 0.376
saimiri_boliviensis_boliviensis 0.35842 0.18996 0.25806 0.19355 GC = 0.384
carlito_syrichta               0.34122 0.17905 0.29730 0.18243 GC = 0.361
otolemur_garnettii             0.33898 0.21017 0.24407 0.20678 GC = 0.417
propithecus_coquereli          0.36824 0.18243 0.25338 0.19595 GC = 0.378
cavia_porcellus                0.34354 0.19048 0.26871 0.19728 GC = 0.388
chinchilla_lanigera            0.34122 0.19257 0.26689 0.19932 GC = 0.392
octodon_degus                  0.32432 0.21959 0.22973 0.22635 GC = 0.446
fukomys_damarensis             0.31864 0.22034 0.26102 0.20000 GC = 0.420
heterocephalus_glaber_male     0.33108 0.19932 0.26014 0.20946 GC = 0.409
ictidomys_tridecemlineatus     0.34965 0.18881 0.29371 0.16783 GC = 0.357
jaculus_jaculus                0.33681 0.19097 0.27431 0.19792 GC = 0.389
dipodomys_ordii                0.36426 0.19588 0.28522 0.15464 GC = 0.351
ailuropoda_melanoleuca         0.35254 0.15932 0.26102 0.22712 GC = 0.386
mustela_putorius_furo          0.34375 0.18750 0.26042 0.20833 GC = 0.396
canis_familiaris               0.37584 0.16107 0.25168 0.21141 GC = 0.372
felis_catus                    0.36486 0.17230 0.25000 0.21284 GC = 0.385
panthera_pardus                0.36610 0.17627 0.25085 0.20678 GC = 0.383
panthera_tigris_altaica        0.36610 0.17627 0.25085 0.20678 GC = 0.383
equus_caballus                 0.33446 0.18919 0.28041 0.19595 GC = 0.385
sus_scrofa                     0.31429 0.19643 0.27857 0.21071 GC = 0.407
myotis_lucifugus               0.34932 0.18836 0.26712 0.19521 GC = 0.384
pteropus_vampyrus              0.32759 0.20000 0.26207 0.21034 GC = 0.410
sorex_araneus                  0.31525 0.20000 0.25085 0.23390 GC = 0.434
loxodonta_africana             0.33784 0.19595 0.24662 0.21959 GC = 0.416

Homogeneity statistic: X2 = 0.12700 G = 0.12748 

Average                        0.35030 0.19093 0.26060 0.19818
(Ambiguity characters are used to calculate freqs.)


# constant sites:     28 (9.33%)
Distances:HKY85 (kappa)  (alpha set at 0.50)
This matrix is not used in later m.l. analysis.

(Pairwise deletion.)
homo_sapiens     
pan_paniscus       0.0121( 5.3167)
pan_troglodytes    0.0167( 8.1536)  0.0041(999.0000)
gorilla_gorilla    0.0209( 2.1021)  0.0246( 1.5712)  0.0291( 2.2439)
nomascus_leucogenys    0.0364( 9.0279)  0.0401( 5.9845)  0.0454( 7.0637)  0.0426( 2.9534)
cercocebus_atys    0.0319( 7.5185)  0.0357( 5.0203)  0.0405( 5.9644)  0.0388( 2.4656)  0.0547( 6.0194)
mandrillus_leucophaeus    0.0284( 6.4805)  0.0321( 4.3217)  0.0369( 5.2657)  0.0352( 2.0433)  0.0510( 5.4904)  0.0029(999.0000)
macaca_fascicularis    0.0382( 9.4563)  0.0419( 6.2902)  0.0472( 7.3325)  0.0447( 3.1651)  0.0626( 7.2198)  0.0116(999.0000)  0.0087(999.0000)
macaca_mulatta     0.0332( 7.9275)  0.0369( 5.2790)  0.0419( 6.2705)  0.0398( 2.5891)  0.0566( 6.3297)  0.0072(999.0000)  0.0042(999.0000)  0.0042(999.0000)
macaca_nemestrina    0.0369( 5.2790)  0.0407( 3.9524)  0.0457( 4.6906)  0.0437( 2.1533)  0.0605( 5.0411)  0.0106( 4.3647)  0.0076( 2.5741)  0.0077( 2.5862)  0.0034(-0.0051)
chlorocebus_sabaeus    0.0276( 6.2502)  0.0406( 6.0326)  0.0456( 7.0180)  0.0437( 3.0499)  0.0603( 6.8866)  0.0134(999.0000)  0.0102(999.0000)  0.0191(999.0000)  0.0145(999.0000)  0.0181( 9.0009)
colobus_angolensis_palliatus    0.0298( 6.9039)  0.0334( 4.5909)  0.0384( 5.5781)  0.0363( 2.1765)  0.0530( 5.7940)  0.0166(999.0000)  0.0133(999.0000)  0.0224(999.0000)  0.0178(999.0000)  0.0213(10.9089)  0.0212(999.0000)
rhinopithecus_bieti    0.0265( 5.9344)  0.0301( 3.9386)  0.0351( 4.9259)  0.0329( 1.7825)  0.0496( 5.3003)  0.0133(999.0000)  0.0102(999.0000)  0.0192(999.0000)  0.0146(999.0000)  0.0181( 8.9653)  0.0178(999.0000)  0.0115(999.0000)
rhinopithecus_roxellana    0.0265( 5.9344)  0.0301( 3.9386)  0.0351( 4.9259)  0.0329( 1.7825)  0.0496( 5.3003)  0.0133(999.0000)  0.0102(999.0000)  0.0192(999.0000)  0.0146(999.0000)  0.0181( 8.9653)  0.0178(999.0000)  0.0115(999.0000)  0.0000(999.0000)
aotus_nancymaae    0.0683( 3.1792)  0.0859( 3.6481)  0.0930( 4.1181)  0.0800( 2.6123)  0.0932( 4.1423)  0.0858( 3.5923)  0.0813( 3.3062)  0.0949( 4.2192)  0.0879( 3.7478)  0.0829( 4.2863)  0.0800( 3.2220)  0.0770( 3.0253)  0.0794( 3.1928)  0.0794( 3.1928)
cebus_capucinus    0.0583( 2.4121)  0.0750( 2.9318)  0.0817( 3.3782)  0.0696( 2.0055)  0.0819( 3.3972)  0.0749( 2.8808)  0.0707( 2.6096)  0.0835( 3.4715)  0.0769( 3.0269)  0.0721( 3.4646)  0.0693( 2.5233)  0.0666( 2.3444)  0.0689( 2.5030)  0.0689( 2.5030)  0.0112( 4.4190)
saimiri_boliviensis_boliviensis    0.0857( 2.9315)  0.1040( 3.3359)  0.1113( 3.7141)  0.0977( 2.4990)  0.1115( 3.7317)  0.0951( 2.8349)  0.0906( 2.6097)  0.1046( 3.3415)  0.0974( 2.9638)  0.0922( 3.2983)  0.0846( 2.2984)  0.0951( 2.8444)  0.0972( 2.9643)  0.0972( 2.9643)  0.0445( 6.3156)  0.0315( 6.9434)
carlito_syrichta    0.1851( 4.0007)  0.2041( 5.1740)  0.2132( 5.4944)  0.1981( 3.2199)  0.2429( 4.8862)  0.2013( 4.4939)  0.1949( 4.2941)  0.1952( 4.3149)  0.2041( 4.6028)  0.2068( 5.2400)  0.1949( 4.8135)  0.2037( 4.5901)  0.1976( 4.3978)  0.1976( 4.3978)  0.2604( 4.3841)  0.2337( 4.1384)  0.2962( 4.8199)
otolemur_garnettii    0.2744( 4.6031)  0.2726( 4.1771)  0.2824( 4.3987)  0.2880( 3.8219)  0.2998( 4.4241)  0.2561( 4.1263)  0.2648( 4.3444)  0.2748( 4.5933)  0.2747( 4.5880)  0.2778( 5.1142)  0.2883( 5.3725)  0.2748( 4.5922)  0.2663( 4.3975)  0.2663( 4.3975)  0.3047( 4.7997)  0.2737( 4.5261)  0.3452( 5.2451)  0.3271( 4.3156)
propithecus_coquereli    0.1836( 3.4776)  0.1831( 3.0997)  0.1913( 3.3289)  0.1873( 2.5826)  0.2038( 3.3321)  0.1833( 3.4368)  0.1773( 3.2620)  0.1856( 3.5217)  0.1856( 3.5160)  0.1879( 4.0232)  0.1933( 4.1922)  0.1695( 3.0329)  0.1637( 2.8643)  0.1637( 2.8643)  0.2300( 3.9656)  0.2057( 3.7310)  0.2367( 3.7372)  0.2826( 3.8725)  0.1690( 6.2625)
cavia_porcellus    0.3774( 5.2879)  0.3748( 4.8636)  0.3884( 5.1120)  0.3801( 4.2887)  0.4249( 5.4187)  0.3630( 4.9612)  0.3523( 4.7641)  0.3797( 5.3075)  0.3655( 5.0252)  0.3699( 5.5325)  0.3710( 5.5458)  0.3653( 5.0238)  0.3550( 4.8354)  0.3550( 4.8354)  0.4887( 6.2771)  0.4432( 5.9438)  0.5098( 7.1270)  0.5648( 6.1714)  0.6129( 4.5843)  0.4511( 4.1472)
chinchilla_lanigera    0.3429( 7.5948)  0.3410( 6.9391)  0.3558( 7.3239)  0.3430( 5.9517)  0.4080( 8.0822)  0.3278( 7.1070)  0.3191( 6.8778)  0.3493( 7.7404)  0.3336( 7.2919)  0.3391( 8.1421)  0.3367( 8.0650)  0.3329( 7.2752)  0.3245( 7.0554)  0.3245( 7.0554)  0.5265( 9.3683)  0.4783( 9.0097)  0.5548(10.7476)  0.5280( 8.4415)  0.5241( 5.4212)  0.4289( 5.1559)  0.2642( 7.9013)
octodon_degus      0.4143( 5.4968)  0.4126( 5.0975)  0.4300( 5.3966)  0.4150( 4.4708)  0.4680( 6.5100)  0.3972( 5.1512)  0.3876( 4.9871)  0.4222( 5.6205)  0.4042( 5.2913)  0.4106( 5.8293)  0.4074( 5.7491)  0.4038( 5.2889)  0.3947( 5.1320)  0.3947( 5.1320)  0.5240( 6.3105)  0.4878( 6.1785)  0.5925( 7.9233)  0.6330( 6.6530)  0.6293( 5.6594)  0.5515( 5.1354)  0.2584( 3.8040)  0.2837( 7.6902)
fukomys_damarensis    0.4777( 8.2256)  0.4719( 7.5531)  0.4863( 7.8406)  0.4805( 6.7417)  0.5316( 8.2212)  0.4363( 7.2820)  0.4204( 6.9548)  0.4454( 7.5036)  0.4324( 7.2190)  0.4366( 7.8893)  0.4447( 8.0510)  0.4330( 7.2326)  0.4180( 6.9226)  0.4180( 6.9226)  0.6330( 9.2190)  0.5710( 8.7270)  0.6157( 9.5616)  0.6469( 7.2827)  0.6483( 6.2416)  0.4993( 6.1998)  0.4649( 6.3576)  0.4204( 7.5465)  0.4542( 5.6988)
heterocephalus_glaber_male    0.2501( 6.6440)  0.2484( 5.9634)  0.2585( 6.2847)  0.2525( 5.0342)  0.2940( 8.2246)  0.2398( 6.2368)  0.2320( 5.9777)  0.2321( 5.9940)  0.2230( 5.6710)  0.2255( 6.4270)  0.2447( 7.1441)  0.2416( 6.3187)  0.2340( 6.0700)  0.2340( 6.0700)  0.3736( 7.6953)  0.3455( 6.9783)  0.3646( 7.4550)  0.4225( 5.8450)  0.4304( 4.3597)  0.3272( 4.3417)  0.2723( 3.5028)  0.2456( 5.3070)  0.2793( 3.3161)  0.2053( 4.4558)
ictidomys_tridecemlineatus    0.3433(11.6373)  0.3403(10.4178)  0.3553(10.9543)  0.3538( 9.0484)  0.3756(10.6934)  0.3218(10.6768)  0.3316(11.0872)  0.3045(10.0383)  0.3176(10.5460)  0.3229(12.0182)  0.3635(13.7949)  0.3466(11.6981)  0.3370(11.3430)  0.3370(11.3430)  0.4638(11.4371)  0.4481(10.0750)  0.5385(10.6014)  0.5459( 8.9935)  0.4689( 5.3384)  0.3621( 4.7615)  0.5642( 5.7149)  0.5385( 8.1082)  0.6597( 7.8747)  0.6264( 8.4085)  0.3586( 6.4408)
jaculus_jaculus    0.3472( 5.3394)  0.3542( 5.0769)  0.3705( 5.4020)  0.3556( 4.3736)  0.4095( 5.7742)  0.3466( 5.2779)  0.3388( 5.1234)  0.3750( 5.9082)  0.3561( 5.4988)  0.3451( 5.7239)  0.3653( 6.1762)  0.3382( 5.1173)  0.3473( 5.3248)  0.3473( 5.3248)  0.3311( 6.9945)  0.3488( 6.8551)  0.4495( 7.9863)  0.5251( 6.1411)  0.5948( 5.4305)  0.4880( 5.9270)  0.5757( 5.9514)  0.6645( 9.9218)  0.6314( 6.6565)  0.7319( 6.7065)  0.4967( 6.3975)  0.6241( 8.1954)
dipodomys_ordii    0.3102( 6.4983)  0.3078( 5.8970)  0.3199( 6.2025)  0.3476( 5.8932)  0.3370( 6.1496)  0.3344( 7.0973)  0.3247( 6.8471)  0.3399( 7.2849)  0.3251( 6.8671)  0.3302( 7.6802)  0.3274( 7.5905)  0.3245( 6.8499)  0.3293( 6.9983)  0.3293( 6.9983)  0.3590(10.6009)  0.3433(11.1641)  0.4146(11.3917)  0.4204( 5.3215)  0.5702( 6.6641)  0.3897( 4.3466)  0.6011( 7.3111)  0.6835(10.4646)  0.6479( 6.5562)  0.6505( 6.6313)  0.4464( 5.6522)  0.5971(11.1059)  0.5053( 6.4300)
ailuropoda_melanoleuca    0.2418( 5.8525)  0.2410( 5.2807)  0.2522( 5.6216)  0.2504( 4.6184)  0.2656( 5.5121)  0.2417( 5.7957)  0.2485( 6.0328)  0.2725( 6.8314)  0.2601( 6.4177)  0.2640( 7.2466)  0.2695( 7.4454)  0.2596( 6.4112)  0.2526( 6.1971)  0.2526( 6.1971)  0.3104( 6.1223)  0.2807( 5.8966)  0.3533( 6.6584)  0.3681( 5.2821)  0.3884( 4.0877)  0.3252( 4.0523)  0.5006( 6.3660)  0.5117( 9.2752)  0.5254( 5.1595)  0.6950( 7.9260)  0.3955( 5.3076)  0.4153( 7.3199)  0.4387( 5.1215)  0.4339( 6.3732)
mustela_putorius_furo    0.3407( 7.8794)  0.3471( 7.4011)  0.3649( 7.8819)  0.3464( 6.2519)  0.3731( 7.4886)  0.3555( 8.2424)  0.3475( 8.0290)  0.3869( 9.1909)  0.3664( 8.5845)  0.3741( 9.6506)  0.3744( 8.8296)  0.3651( 8.5536)  0.3574( 8.3487)  0.3574( 8.3487)  0.4369( 8.9914)  0.4028( 8.1484)  0.5038( 9.1004)  0.4893( 6.8026)  0.5767( 5.4852)  0.4730( 5.2238)  0.7464(10.7053)  0.6527(11.7989)  0.7219( 9.4479)  0.9079( 9.2749)  0.5921( 7.9533)  0.5776( 7.5510)  0.4896( 6.4300)  0.6855( 9.9654)  0.1487( 3.0173)
canis_familiaris    0.2746(11.8338)  0.2718(10.4201)  0.2825(10.9029)  0.2870( 9.0138)  0.3005(10.5763)  0.2637(11.1684)  0.2549(10.7529)  0.2776(11.9194)  0.2658(11.3151)  0.2698(13.0779)  0.2873(12.4699)  0.2540(10.7326)  0.2659(11.3637)  0.2659(11.3637)  0.3704(13.8435)  0.3333(13.7727)  0.3777(12.7028)  0.4229( 8.0036)  0.5036( 7.2254)  0.3582( 5.9063)  0.5123( 7.5032)  0.4848( 9.3394)  0.5552( 6.7197)  0.8996(12.8825)  0.4993( 8.9452)  0.5277(12.4293)  0.4842( 7.7940)  0.4497(10.5678)  0.1642( 4.8717)  0.2799( 6.2112)
felis_catus        0.2303( 6.7033)  0.2194( 5.6499)  0.2289( 5.9791)  0.2404( 5.2391)  0.2504( 7.5207)  0.2298( 6.6234)  0.2226( 6.3657)  0.2439( 7.1875)  0.2329( 6.7622)  0.2363( 7.7155)  0.2429( 7.9876)  0.2326( 6.7600)  0.2257( 6.5119)  0.2257( 6.5119)  0.3167( 7.5165)  0.2853( 7.2787)  0.3243( 7.0469)  0.3397( 5.4933)  0.3746( 5.1803)  0.2850( 4.6081)  0.4599( 5.2458)  0.4401( 7.6277)  0.5094( 6.3588)  0.5834( 7.1045)  0.3044( 5.0003)  0.3874( 7.7970)  0.4144( 5.0491)  0.3547( 6.0646)  0.1336( 1.7162)  0.2315( 2.5773)  0.1728( 4.1003)
panthera_pardus    0.2102( 6.6390)  0.1998( 5.5368)  0.2092( 5.8923)  0.2190( 5.0754)  0.2299( 7.5064)  0.2100( 6.5679)  0.2036( 6.3203)  0.2249( 7.2142)  0.2139( 6.7515)  0.2174( 7.7762)  0.2219( 7.9800)  0.2135( 6.7432)  0.2074( 6.5044)  0.2074( 6.5044)  0.2919( 7.4572)  0.2627( 7.2502)  0.2999( 6.9827)  0.3141( 5.3360)  0.3656( 5.3937)  0.2785( 4.8551)  0.4494( 5.4325)  0.4310( 7.9880)  0.4997( 6.6131)  0.5709( 7.3480)  0.2789( 4.8057)  0.3686( 7.9483)  0.3918( 5.0124)  0.3468( 6.3742)  0.1283( 1.8248)  0.2250( 2.7071)  0.1680( 4.3996)  0.0099( 4.0514)
panthera_tigris_altaica    0.2102( 6.6390)  0.1998( 5.5368)  0.2092( 5.8923)  0.2190( 5.0754)  0.2299( 7.5064)  0.2100( 6.5679)  0.2036( 6.3203)  0.2249( 7.2142)  0.2139( 6.7515)  0.2174( 7.7762)  0.2219( 7.9800)  0.2135( 6.7432)  0.2074( 6.5044)  0.2074( 6.5044)  0.2919( 7.4572)  0.2627( 7.2502)  0.2999( 6.9827)  0.3141( 5.3360)  0.3656( 5.3937)  0.2785( 4.8551)  0.4494( 5.4325)  0.4310( 7.9880)  0.4997( 6.6131)  0.5709( 7.3480)  0.2789( 4.8057)  0.3686( 7.9483)  0.3918( 5.0124)  0.3468( 6.3742)  0.1283( 1.8248)  0.2250( 2.7071)  0.1680( 4.3996)  0.0099( 4.0514)  0.0000( 4.0514)
equus_caballus     0.2580( 6.2950)  0.2560( 5.6565)  0.2655( 5.9404)  0.2706( 5.0823)  0.2824( 5.9115)  0.2571( 6.2112)  0.2485( 5.9457)  0.2688( 6.6170)  0.2583( 6.2695)  0.2614( 7.0516)  0.2718( 7.4109)  0.2582( 6.2677)  0.2499( 6.0132)  0.2499( 6.0132)  0.3538( 7.8734)  0.3183( 7.5801)  0.3478( 7.0394)  0.3760( 6.2746)  0.3980( 4.1776)  0.2942( 3.4027)  0.4415( 5.6609)  0.4299( 7.3577)  0.4689( 5.6581)  0.5893( 7.6375)  0.3401( 4.9363)  0.4774( 8.6291)  0.4476( 6.0052)  0.4871( 8.4454)  0.2330( 5.5608)  0.3501( 6.8649)  0.3259( 9.5509)  0.2361( 4.6401)  0.2222( 4.6565)  0.2222( 4.6565)
sus_scrofa         0.3514( 4.7222)  0.3494( 4.3210)  0.3491( 4.3114)  0.3771( 4.1406)  0.3951( 4.7959)  0.3849( 5.3270)  0.3729( 5.1068)  0.4027( 5.6944)  0.3872( 5.3885)  0.3920( 5.9396)  0.4070( 6.2376)  0.3869( 5.3833)  0.3755( 5.1739)  0.3755( 5.1739)  0.4619( 6.1330)  0.4173( 5.8150)  0.4468( 5.4293)  0.5542( 7.1464)  0.4995( 6.4486)  0.4115( 5.4882)  0.5919( 5.1169)  0.7045( 8.3851)  0.6565( 5.1637)  0.8218( 6.9747)  0.5909( 5.8380)  0.6654( 8.3857)  0.6316( 5.7732)  0.6429( 5.9950)  0.2506( 3.3997)  0.3864( 3.4479)  0.3142( 5.2557)  0.2567( 2.9071)  0.2401( 2.8565)  0.2401( 2.8565)  0.3386( 4.1368)
myotis_lucifugus    0.2807( 5.2202)  0.2796( 4.7513)  0.2917( 5.0437)  0.2909( 4.2371)  0.3353( 5.6552)  0.2801( 5.1578)  0.2725( 4.9717)  0.2989( 5.6674)  0.2852( 5.3060)  0.2896( 5.9476)  0.2871( 5.8731)  0.2846( 5.2920)  0.2772( 5.1133)  0.2772( 5.1133)  0.3769( 5.4664)  0.3592( 5.5758)  0.4065( 5.5983)  0.4734( 5.8570)  0.4485( 3.9397)  0.4061( 4.3300)  0.6180( 5.5866)  0.5183( 6.9581)  0.6489( 5.5320)  0.7094( 7.4326)  0.4891( 5.5848)  0.5332( 8.4335)  0.5284( 4.9104)  0.5757( 7.2596)  0.2424( 3.5461)  0.3147( 3.5180)  0.2980( 6.3194)  0.2337( 4.0366)  0.2274( 4.2728)  0.2274( 4.2728)  0.3060( 7.0687)  0.3617( 4.1026)
pteropus_vampyrus    0.3718( 9.6621)  0.3665( 8.7014)  0.3773( 9.0103)  0.3602( 7.1954)  0.4041( 9.0474)  0.3403( 8.5968)  0.3549( 9.0733)  0.3775( 9.8029)  0.3658( 9.4248)  0.3696(10.4860)  0.3768(10.7230)  0.3391( 8.5876)  0.3422( 8.7034)  0.3422( 8.7034)  0.4761( 9.2385)  0.4460( 9.3118)  0.5017( 9.1206)  0.4671( 8.0100)  0.4691( 5.0795)  0.4516( 6.1059)  0.6858( 8.4780)  0.7334(14.5428)  0.7958( 9.4692)  0.9243(11.9852)  0.5051( 8.0516)  0.5687(11.0498)  0.6041( 6.9946)  0.6301(11.0812)  0.3041( 6.3543)  0.4567( 7.3708)  0.3876(11.3250)  0.2662( 6.3853)  0.2831( 7.6280)  0.2831( 7.6280)  0.3461( 7.4315)  0.3808( 6.0261)  0.2929( 7.9325)
sorex_araneus      0.3772( 4.1912)  0.3499( 3.4644)  0.3621( 3.6559)  0.3860( 4.0497)  0.3843( 3.7337)  0.3392( 3.5363)  0.3296( 3.3834)  0.3538( 3.7877)  0.3413( 3.5785)  0.3494( 3.4417)  0.3558( 4.1185)  0.3412( 3.5805)  0.3320( 3.4344)  0.3320( 3.4344)  0.4331( 3.3658)  0.3941( 3.1350)  0.4743( 3.6240)  0.5911( 4.7847)  0.5595( 2.9001)  0.5495( 3.5228)  0.6611( 4.3147)  0.7722( 7.6109)  0.6981( 4.9288)  0.6871( 4.0232)  0.5595( 4.0776)  0.7885( 7.3524)  0.5977( 4.0168)  0.6239( 4.3620)  0.3191( 2.7780)  0.4353( 3.2024)  0.4219( 4.6738)  0.3502( 3.2341)  0.3471( 2.9389)  0.3471( 2.9389)  0.4169( 4.2171)  0.4765( 2.5792)  0.4579( 3.3524)  0.5408( 5.1474)
loxodonta_africana    0.2306( 3.6040)  0.2295( 3.2495)  0.2381( 3.4471)  0.2141( 2.9031)  0.2623( 3.6773)  0.2301( 3.5632)  0.2226( 3.3876)  0.2406( 3.8332)  0.2313( 3.6032)  0.2337( 4.0438)  0.2420( 4.2522)  0.2313( 3.6065)  0.2242( 3.4378)  0.2242( 3.4378)  0.3130( 4.6429)  0.2821( 4.3837)  0.3194( 4.3857)  0.3326( 3.2655)  0.3387( 2.3384)  0.2799( 2.1790)  0.4305( 4.0988)  0.4021( 5.7852)  0.5032( 4.7817)  0.5813( 6.2070)  0.2826( 3.1435)  0.3779( 4.6317)  0.4504( 4.2321)  0.4842( 5.8621)  0.2712( 3.2588)  0.3454( 3.4837)  0.3226( 4.6384)  0.2089( 2.4963)  0.1942( 2.4262)  0.1942( 2.4262)  0.3137( 3.4273)  0.3557( 2.9200)  0.3263( 3.2947)  0.3080( 3.7737)  0.5281( 3.4980)

TREE #  1:  (40, (((((((21, 22), 23), (25, 24)), 26), (28, 27)), ((20, 19), (18, (((17, 16), 15), (((((2, 3), 1), 4), 5), (((14, 13), 12), (11, ((7, 6), ((9, 8), 10))))))))), (39, (((36, 35), (((33, 34), 32), (31, (30, 29)))), (38, 37)))));  MP score: -1.00
lnL(ntime: 78  np: 80):  -3613.388970    +0.000000
  41..40   41..42   42..43   43..44   44..45   45..46   46..47   47..48   48..21   48..22   47..23   46..49   49..25   49..24   45..26   44..50   50..28   50..27   43..51   51..52   52..20   52..19   51..53   53..18   53..54   54..55   55..56   56..17   56..16   55..15   54..57   57..58   58..59   59..60   60..61   61..2    61..3    60..1    59..4    58..5    57..62   62..63   63..64   64..14   64..13   63..12   62..65   65..11   65..66   66..67   67..7    67..6    66..68   68..69   69..9    69..8    68..10   42..70   70..39   70..71   71..72   72..73   73..36   73..35   72..74   74..75   75..76   76..33   76..34   75..32   74..77   77..31   77..78   78..30   78..29   71..79   79..38   79..37 
 0.014775 0.088179 0.009574 0.006897 0.000004 0.050147 0.026834 0.000004 0.103723 0.086032 0.111253 0.033145 0.037152 0.122602 0.148586 0.011494 0.148648 0.163042 0.013576 0.052489 0.043411 0.090998 0.007459 0.114284 0.027953 0.050178 0.000004 0.029612 0.000004 0.011011 0.005598 0.007957 0.000004 0.003429 0.006894 0.000004 0.003423 0.003422 0.013860 0.024388 0.005772 0.000004 0.003418 0.000004 0.000004 0.006827 0.006821 0.010277 0.000004 0.000004 0.000004 0.003401 0.003396 0.000004 0.000004 0.003400 0.003421 0.024112 0.180537 0.000004 0.000004 0.000004 0.148495 0.102952 0.011670 0.047965 0.003063 0.000004 0.000004 0.007295 0.003415 0.081351 0.026876 0.094185 0.031422 0.020470 0.107821 0.086811 3.847950 7.150258

tree length =   2.69727

(loxodonta_africana, (((((((cavia_porcellus, chinchilla_lanigera), octodon_degus), (heterocephalus_glaber_male, fukomys_damarensis)), ictidomys_tridecemlineatus), (dipodomys_ordii, jaculus_jaculus)), ((propithecus_coquereli, otolemur_garnettii), (carlito_syrichta, (((saimiri_boliviensis_boliviensis, cebus_capucinus), aotus_nancymaae), (((((pan_paniscus, pan_troglodytes), homo_sapiens), gorilla_gorilla), nomascus_leucogenys), (((rhinopithecus_roxellana, rhinopithecus_bieti), colobus_angolensis_palliatus), (chlorocebus_sabaeus, ((mandrillus_leucophaeus, cercocebus_atys), ((macaca_mulatta, macaca_fascicularis), macaca_nemestrina))))))))), (sorex_araneus, (((sus_scrofa, equus_caballus), (((panthera_pardus, panthera_tigris_altaica), felis_catus), (canis_familiaris, (mustela_putorius_furo, ailuropoda_melanoleuca)))), (pteropus_vampyrus, myotis_lucifugus)))));

(loxodonta_africana: 0.014775, (((((((cavia_porcellus: 0.103723, chinchilla_lanigera: 0.086032): 0.000004, octodon_degus: 0.111253): 0.026834, (heterocephalus_glaber_male: 0.037152, fukomys_damarensis: 0.122602): 0.033145): 0.050147, ictidomys_tridecemlineatus: 0.148586): 0.000004, (dipodomys_ordii: 0.148648, jaculus_jaculus: 0.163042): 0.011494): 0.006897, ((propithecus_coquereli: 0.043411, otolemur_garnettii: 0.090998): 0.052489, (carlito_syrichta: 0.114284, (((saimiri_boliviensis_boliviensis: 0.029612, cebus_capucinus: 0.000004): 0.000004, aotus_nancymaae: 0.011011): 0.050178, (((((pan_paniscus: 0.000004, pan_troglodytes: 0.003423): 0.006894, homo_sapiens: 0.003422): 0.003429, gorilla_gorilla: 0.013860): 0.000004, nomascus_leucogenys: 0.024388): 0.007957, (((rhinopithecus_roxellana: 0.000004, rhinopithecus_bieti: 0.000004): 0.003418, colobus_angolensis_palliatus: 0.006827): 0.000004, (chlorocebus_sabaeus: 0.010277, ((mandrillus_leucophaeus: 0.000004, cercocebus_atys: 0.003401): 0.000004, ((macaca_mulatta: 0.000004, macaca_fascicularis: 0.003400): 0.000004, macaca_nemestrina: 0.003421): 0.003396): 0.000004): 0.006821): 0.005772): 0.005598): 0.027953): 0.007459): 0.013576): 0.009574, (sorex_araneus: 0.180537, (((sus_scrofa: 0.148495, equus_caballus: 0.102952): 0.000004, (((panthera_pardus: 0.000004, panthera_tigris_altaica: 0.000004): 0.003063, felis_catus: 0.007295): 0.047965, (canis_familiaris: 0.081351, (mustela_putorius_furo: 0.094185, ailuropoda_melanoleuca: 0.031422): 0.026876): 0.003415): 0.011670): 0.000004, (pteropus_vampyrus: 0.107821, myotis_lucifugus: 0.086811): 0.020470): 0.000004): 0.024112): 0.088179);

Detailed output identifying parameters

Parameters (kappa) in the rate matrix (HKY85) (Yang 1994 J Mol Evol 39:105-111):
  3.84795

alpha (gamma, K=5) =  7.15026
rate:   0.53952  0.77447  0.95477  1.16199  1.56925
freq:   0.20000  0.20000  0.20000  0.20000  0.20000

check convergence..
