
BASEML (in paml version 4.9h, March 2018)  ../../0_chopped_alignments/segment_7916_8695_389_439/alignment.fa  HKY85 dGamma (ncatG=5)
Frequencies..
                                    T      C      A      G
homo_sapiens                   0.34000 0.08000 0.38000 0.20000 GC = 0.280
pan_paniscus                   0.34000 0.08000 0.36000 0.22000 GC = 0.300
pan_troglodytes                0.34000 0.08000 0.36000 0.22000 GC = 0.300
gorilla_gorilla                0.36000 0.06000 0.36000 0.22000 GC = 0.280
nomascus_leucogenys            0.34000 0.08000 0.42000 0.16000 GC = 0.240
cercocebus_atys                0.36000 0.08000 0.34000 0.22000 GC = 0.300
mandrillus_leucophaeus         0.36000 0.08000 0.34000 0.22000 GC = 0.300
macaca_fascicularis            0.36000 0.08000 0.36000 0.20000 GC = 0.280
macaca_mulatta                 0.36000 0.08000 0.34000 0.22000 GC = 0.300
macaca_nemestrina              0.36000 0.08000 0.34000 0.22000 GC = 0.300
chlorocebus_sabaeus            0.36000 0.08000 0.36000 0.20000 GC = 0.280
colobus_angolensis_palliatus   0.38000 0.06000 0.32000 0.24000 GC = 0.300
rhinopithecus_bieti            0.38000 0.06000 0.34000 0.22000 GC = 0.280
rhinopithecus_roxellana        0.38000 0.06000 0.34000 0.22000 GC = 0.280
aotus_nancymaae                0.36000 0.08000 0.36000 0.20000 GC = 0.280
cebus_capucinus                0.36000 0.08000 0.36000 0.20000 GC = 0.280
saimiri_boliviensis_boliviensis 0.34000 0.10000 0.36000 0.20000 GC = 0.300
carlito_syrichta               0.28000 0.08000 0.40000 0.24000 GC = 0.320
otolemur_garnettii             0.36735 0.08163 0.28571 0.26531 GC = 0.347
propithecus_coquereli          0.40000 0.06000 0.30000 0.24000 GC = 0.300
cavia_porcellus                0.34000 0.08000 0.30000 0.28000 GC = 0.360
chinchilla_lanigera            0.36000 0.06000 0.34000 0.24000 GC = 0.300
octodon_degus                  0.32000 0.14000 0.26000 0.28000 GC = 0.420
fukomys_damarensis             0.32000 0.12000 0.32000 0.24000 GC = 0.360
heterocephalus_glaber_male     0.34000 0.08000 0.32000 0.26000 GC = 0.340
ictidomys_tridecemlineatus     0.32653 0.12245 0.36735 0.18367 GC = 0.306
jaculus_jaculus                0.36000 0.10000 0.34000 0.20000 GC = 0.300
dipodomys_ordii                0.36000 0.16000 0.32000 0.16000 GC = 0.320
ailuropoda_melanoleuca         0.34000 0.06000 0.38000 0.22000 GC = 0.280
mustela_putorius_furo          0.34000 0.06000 0.36000 0.24000 GC = 0.300
canis_familiaris               0.38000 0.06000 0.34000 0.22000 GC = 0.280
felis_catus                    0.30000 0.14000 0.36000 0.20000 GC = 0.340
panthera_pardus                0.32000 0.12000 0.36000 0.20000 GC = 0.320
panthera_tigris_altaica        0.32000 0.12000 0.36000 0.20000 GC = 0.320
equus_caballus                 0.36000 0.06000 0.38000 0.20000 GC = 0.260
sus_scrofa                     0.26000 0.12000 0.34000 0.28000 GC = 0.400
myotis_lucifugus               0.36000 0.06000 0.32000 0.26000 GC = 0.320
pteropus_vampyrus              0.30000 0.12000 0.32000 0.26000 GC = 0.380
sorex_araneus                  0.30000 0.16000 0.30000 0.24000 GC = 0.400
loxodonta_africana             0.30000 0.12000 0.34000 0.24000 GC = 0.360

Homogeneity statistic: X2 = 0.72166 G = 0.70416 

Average                        0.34334 0.08959 0.34384 0.22322
(Ambiguity characters are used to calculate freqs.)


# constant sites:      1 (2.00%)
Distances:HKY85 (kappa)  (alpha set at 0.50)
This matrix is not used in later m.l. analysis.

(Pairwise deletion.)
homo_sapiens     
pan_paniscus       0.0152(999.0000)
pan_troglodytes    0.0152(999.0000)  0.0000(999.0000)
gorilla_gorilla    0.0703(999.0000)  0.0564(999.0000)  0.0564(999.0000)
nomascus_leucogenys    0.2297(999.0000)  0.1937(999.0000)  0.1937(999.0000)  0.1138(999.0000)
cercocebus_atys    0.1797(17.6017)  0.1653(15.7904)  0.1653(15.7904)  0.0793( 6.5365)  0.2258(23.4913)
mandrillus_leucophaeus    0.1797(17.6017)  0.1653(15.7904)  0.1653(15.7904)  0.0793( 6.5365)  0.2258(23.4913)  0.0000(23.4913)
macaca_fascicularis    0.1989(20.0427)  0.1797(17.6017)  0.1797(17.6017)  0.0944( 8.3478)  0.2659(28.6732)  0.0157(999.0000)  0.0157(999.0000)
macaca_mulatta     0.1797(17.6017)  0.1653(15.7904)  0.1653(15.7904)  0.0793( 6.5365)  0.2258(23.4913)  0.0000(23.4913)  0.0000(23.4913)  0.0157(999.0000)
macaca_nemestrina    0.1797(17.6017)  0.1653(15.7904)  0.1653(15.7904)  0.0793( 6.5365)  0.2258(23.4913)  0.0000(23.4913)  0.0000(23.4913)  0.0157(999.0000)  0.0000(999.0000)
chlorocebus_sabaeus    0.1612(15.7904)  0.1797(17.6017)  0.1797(17.6017)  0.0944( 8.3478)  0.2659(28.6732)  0.0157(999.0000)  0.0157(999.0000)  0.0362(999.0000)  0.0157(999.0000)  0.0157(999.0000)
colobus_angolensis_palliatus    0.1152(10.5780)  0.0957( 8.2803)  0.0957( 8.2803)  0.0362( 1.7125)  0.1788(18.2790)  0.0673(999.0000)  0.0673(999.0000)  0.0861(999.0000)  0.0673(999.0000)  0.0673(999.0000)  0.0861(999.0000)
rhinopithecus_bieti    0.0944( 8.3478)  0.0793( 6.5365)  0.0793( 6.5365)  0.0210(-0.0312)  0.1418(14.2375)  0.0516(999.0000)  0.0516(999.0000)  0.0662(999.0000)  0.0516(999.0000)  0.0516(999.0000)  0.0662(999.0000)  0.0146(999.0000)
rhinopithecus_roxellana    0.0944( 8.3478)  0.0793( 6.5365)  0.0793( 6.5365)  0.0210(-0.0312)  0.1418(14.2375)  0.0516(999.0000)  0.0516(999.0000)  0.0662(999.0000)  0.0516(999.0000)  0.0516(999.0000)  0.0662(999.0000)  0.0146(999.0000)  0.0000(999.0000)
aotus_nancymaae    0.0717( 5.6915)  0.0888( 7.5028)  0.0888( 7.5028)  0.0369( 1.7800)  0.1798(18.5743)  0.1151( 3.6898)  0.1151( 3.6898)  0.1376( 4.9532)  0.1151( 3.6898)  0.1151( 3.6898)  0.0968( 2.7584)  0.0612( 0.8497)  0.0614( 0.8679)  0.0614( 0.8679)
cebus_capucinus    0.0717( 5.6915)  0.0888( 7.5028)  0.0888( 7.5028)  0.0369( 1.7800)  0.1798(18.5743)  0.1151( 3.6898)  0.1151( 3.6898)  0.1376( 4.9532)  0.1151( 3.6898)  0.1151( 3.6898)  0.0968( 2.7584)  0.0612( 0.8497)  0.0614( 0.8679)  0.0614( 0.8679)  0.0000( 0.8679)
saimiri_boliviensis_boliviensis    0.1448(13.5929)  0.1634(15.4042)  0.1634(15.4042)  0.0888( 7.5028)  0.2532(26.4757)  0.0623( 0.8679)  0.0623( 0.8679)  0.0862( 2.1314)  0.0623( 0.8679)  0.0623( 0.8679)  0.0442(-0.0635)  0.1156( 3.6715)  0.1151( 3.6898)  0.1151( 3.6898)  0.0413(999.0000)  0.0413(999.0000)
carlito_syrichta    0.4421(10.7677)  0.5128(12.6515)  0.5128(12.6515)  0.3743( 8.8499)  1.2887(36.7690)  0.5774( 9.6856)  0.5774( 9.6856)  0.4973( 8.1513)  0.5774( 9.6856)  0.5774( 9.6856)  0.4973( 8.1513)  0.5406( 9.0286)  0.4309( 6.8323)  0.4309( 6.8323)  0.3485( 5.0563)  0.3485( 5.0563)  0.4723( 7.4743)
otolemur_garnettii    0.7033( 8.9227)  0.6793( 8.4715)  0.6793( 8.4715)  0.4059( 4.2482)  0.7868(10.4843)  0.7506( 6.9805)  0.7506( 6.9805)  0.7469( 6.9837)  0.7506( 6.9805)  0.7506( 6.9805)  0.7778( 7.3707)  0.4879( 3.8026)  0.4570( 3.4271)  0.4570( 3.4271)  0.4439( 3.1876)  0.4439( 3.1876)  0.6711( 5.8754)  0.8458(14.6286)
propithecus_coquereli    0.4366( 7.7503)  0.3923( 6.6428)  0.3923( 6.6428)  0.2562( 3.6087)  0.6162(12.2871)  0.4419( 5.2622)  0.4419( 5.2622)  0.4407( 5.2930)  0.4419( 5.2622)  0.4419( 5.2622)  0.4922( 6.2037)  0.2641( 2.2028)  0.2989( 2.8500)  0.2989( 2.8500)  0.2898( 2.6269)  0.2898( 2.6269)  0.4071( 4.5615)  0.6884( 8.5981)  0.4406(47.5767)
cavia_porcellus    0.3330(999.0000)  0.2731(999.0000)  0.2731(999.0000)  0.1853(999.0000)  0.5815(999.0000)  0.2661(26.0860)  0.2661(26.0860)  0.3135(31.3764)  0.2661(26.0860)  0.2661(26.0860)  0.3135(31.3764)  0.2199(21.6073)  0.1751(16.8321)  0.1751(16.8321)  0.2870(28.5311)  0.2870(28.5311)  0.3688(36.4325)  0.9776(25.2278)  0.9781(13.0603)  0.9521(19.1822)
chinchilla_lanigera    0.2514(999.0000)  0.1877(999.0000)  0.1877(999.0000)  0.1270(999.0000)  0.5391(999.0000)  0.1761(17.2281)  0.1761(17.2281)  0.2256(23.0046)  0.1761(17.2281)  0.1761(17.2281)  0.2256(23.0046)  0.1583(15.5548)  0.1143(10.6603)  0.1143(10.6603)  0.2375(24.3523)  0.2375(24.3523)  0.2956(30.0751)  0.8802(23.4421)  0.6966( 8.9379)  0.8259(17.0296)  0.0911(999.0000)
octodon_degus      0.5264(23.0527)  0.4427(18.9228)  0.4427(18.9228)  0.3336(14.0079)  0.9036(41.8696)  0.4336(10.8796)  0.4336(10.8796)  0.4992(12.9277)  0.4336(10.8796)  0.4336(10.8796)  0.4992(12.9277)  0.3826( 9.5108)  0.3201( 7.6190)  0.3201( 7.6190)  0.4758(12.2197)  0.4758(12.2197)  0.5807(15.1028)  1.5358(19.9128)  1.4319(10.9516)  1.5371(16.8505)  0.1607( 5.4454)  0.2382( 9.3266)
fukomys_damarensis    0.3645(35.9097)  0.3284(31.7841)  0.3284(31.7841)  0.2145(20.4399)  0.5026(51.7742)  0.3381(14.4337)  0.3381(14.4337)  0.3671(16.0237)  0.3381(14.4337)  0.3381(14.4337)  0.3671(16.0237)  0.2491(10.1908)  0.2186( 8.7390)  0.2186( 8.7390)  0.2792(11.6473)  0.2792(11.6473)  0.3849(16.5623)  0.6553(10.7337)  0.7132( 6.1665)  0.6290( 8.0075)  0.2840(26.6228)  0.1674(15.3120)  0.3644(34.1075)
heterocephalus_glaber_male    0.2742(999.0000)  0.2309(999.0000)  0.2309(999.0000)  0.1448(999.0000)  0.4427(999.0000)  0.2310(22.5130)  0.2310(22.5130)  0.2656(26.4820)  0.2310(22.5130)  0.2310(22.5130)  0.2656(26.4820)  0.1751(16.8321)  0.1416(13.2591)  0.1416(13.2591)  0.2212(21.6668)  0.2212(21.6668)  0.3008(29.5682)  0.7542(19.1608)  0.8707(11.3974)  0.7287(14.1940)  0.1591(999.0000)  0.0726(999.0000)  0.3158(12.7881)  0.2661(24.9371)
ictidomys_tridecemlineatus    0.3198(31.9629)  0.2908(28.4040)  0.2908(28.4040)  0.1834(17.4688)  0.4363(46.1866)  0.3293(14.1714)  0.3293(14.1714)  0.3004(12.9144)  0.3293(14.1714)  0.3293(14.1714)  0.3618(16.0356)  0.2497(10.3061)  0.2157( 8.6922)  0.2157( 8.6922)  0.2392( 9.8000)  0.2392( 9.8000)  0.3387(14.5290)  0.5707( 9.2057)  1.0685(10.2383)  0.6565( 8.4451)  0.5059(49.8531)  0.2556(25.2734)  0.8636(38.0734)  0.5949(58.4647)  0.4241(41.9051)
jaculus_jaculus    0.2095( 8.5920)  0.1653( 6.1894)  0.1653( 6.1894)  0.1148( 3.6731)  0.3933(18.8751)  0.1997( 4.1401)  0.1997( 4.1401)  0.2493( 5.8376)  0.1997( 4.1401)  0.1997( 4.1401)  0.2493( 5.8376)  0.1463( 2.4314)  0.1473( 2.4955)  0.1473( 2.4955)  0.1333(12.7283)  0.1333(12.7283)  0.1759(17.1309)  1.4447(20.0635)  0.5931( 3.4361)  0.4830( 4.0247)  0.3389(14.6885)  0.2934(12.9733)  0.7385(13.3596)  0.3838( 9.5823)  0.2614(10.9013)  0.3320( 8.1771)
dipodomys_ordii    0.5349( 6.6396)  0.6402( 8.2864)  0.6402( 8.2864)  0.5302( 6.6102)  0.7593(10.8109)  0.7300( 7.0466)  0.7300( 7.0466)  0.9823(10.4442)  0.7300( 7.0466)  0.7300( 7.0466)  0.6060( 5.5275)  0.6032( 5.4749)  0.6137( 5.6822)  0.6137( 5.6822)  0.3721( 6.1333)  0.3721( 6.1333)  0.4560( 7.8835)  1.4998( 9.1585)  2.0877( 8.0686)  1.4281( 7.1303)  1.0283(14.2455)  1.5673(23.8945)  5.6409(50.6801)  1.4755(15.7992)  1.0567(14.8364)  1.3475(14.4679)  0.4307( 4.8523)
ailuropoda_melanoleuca    0.2266(22.4871)  0.1783(16.9424)  0.1783(16.9424)  0.1119(10.0366)  0.2332(24.1005)  0.2123( 8.6059)  0.2123( 8.6059)  0.2663(11.5581)  0.2123( 8.6059)  0.2123( 8.6059)  0.2663(11.5581)  0.1901( 7.5786)  0.1432( 5.1843)  0.1432( 5.1843)  0.2009( 8.1366)  0.2009( 8.1366)  0.2635(11.1174)  0.7104(12.0313)  0.6856( 6.0358)  0.6666( 9.0404)  0.3648(35.8357)  0.3051(31.0324)  0.7966(21.4572)  0.3313(13.8739)  0.2817(27.4162)  0.3687(16.2780)  0.2482( 5.6627)  0.7831( 7.7355)
mustela_putorius_furo    0.4592(12.0973)  0.4067(10.3155)  0.4067(10.3155)  0.2612( 5.9678)  0.4608(12.5528)  0.2934( 4.1552)  0.2934( 4.1552)  0.3549( 5.5818)  0.2934( 4.1552)  0.2934( 4.1552)  0.3549( 5.5818)  0.3584( 5.6875)  0.3031( 4.4931)  0.3031( 4.4931)  0.3549( 5.5818)  0.3549( 5.5818)  0.3508( 5.3517)  1.1665(10.8270)  1.6604(10.2015)  0.9583( 7.4334)  0.6300(16.7508)  0.4867(12.9855)  0.9445(25.7074)  0.7768(13.9859)  0.5295(13.8289)  0.6962(12.6294)  0.4068( 4.3653)  1.1800( 7.0908)  0.2417( 2.9321)
canis_familiaris    0.7767(86.2598)  0.6629(72.2645)  0.6629(72.2645)  0.4424(48.8560)  0.8004(92.0712)  0.7390(37.3338)  0.7390(37.3338)  0.8734(45.1518)  0.7390(37.3338)  0.7390(37.3338)  0.8734(45.1518)  0.4220(20.6783)  0.5004(25.2666)  0.5004(25.2666)  0.4688(23.0867)  0.4688(23.0867)  0.6457(31.8055)  2.4929(50.1457)  3.9517(48.1904)  1.5881(26.1496)  1.1559(124.1455)  0.5385(59.2891)  1.7409(51.4199)  1.2716(61.8821)  0.9144(98.4631)  0.8445(41.6211)  0.5151(14.8441)  1.0123(10.9419)  0.3888(18.2226)  0.3031( 4.4931)
felis_catus        0.5323(53.8586)  0.4960(49.3091)  0.4960(49.3091)  0.3244(32.1301)  0.5249(54.9990)  0.5485(24.8335)  0.5485(24.8335)  0.5896(27.2361)  0.5485(24.8335)  0.5485(24.8335)  0.5896(27.2361)  0.4093(18.1281)  0.3651(16.1195)  0.3651(16.1195)  0.3842(16.9562)  0.3842(16.9562)  0.5410(24.3319)  0.8544(14.7336)  1.4520(27.6398)  1.6461(49.5775)  0.6669(64.9558)  0.4926(49.3207)  1.1446(30.8481)  0.8686(38.7646)  0.2860(26.8644)  0.7846(35.8970)  0.4157(10.6034)  1.1409(11.8042)  0.3364(14.1887)  0.8746(16.0349)  1.2763(62.0621)
panthera_pardus    0.3623(36.6795)  0.3244(32.1301)  0.3244(32.1301)  0.2131(20.7859)  0.3604(37.8199)  0.3651(16.1195)  0.3651(16.1195)  0.4077(18.5221)  0.3651(16.1195)  0.3651(16.1195)  0.4077(18.5221)  0.2893(12.4335)  0.2474(10.4248)  0.2474(10.4248)  0.2809(12.0413)  0.2809(12.0413)  0.3842(16.9562)  0.6786(11.4628)  0.8904(16.4475)  1.0428(31.3229)  0.4870(47.7768)  0.3763(37.9765)  0.8937(23.9928)  0.6071(26.8935)  0.2203(20.5958)  0.5407(24.4749)  0.3175( 7.7204)  0.8894( 8.8571)  0.2058( 7.9858)  0.5212( 8.8538)  0.7472(36.2295)  0.0332(999.0000)
panthera_tigris_altaica    0.3623(36.6795)  0.3244(32.1301)  0.3244(32.1301)  0.2131(20.7859)  0.3604(37.8199)  0.3651(16.1195)  0.3651(16.1195)  0.4077(18.5221)  0.3651(16.1195)  0.3651(16.1195)  0.4077(18.5221)  0.2893(12.4335)  0.2474(10.4248)  0.2474(10.4248)  0.2809(12.0413)  0.2809(12.0413)  0.3842(16.9562)  0.6786(11.4628)  0.8904(16.4475)  1.0428(31.3229)  0.4870(47.7768)  0.3763(37.9765)  0.8937(23.9928)  0.6071(26.8935)  0.2203(20.5958)  0.5407(24.4749)  0.3175( 7.7204)  0.8894( 8.8571)  0.2058( 7.9858)  0.5212( 8.8538)  0.7472(36.2295)  0.0332(999.0000)  0.0000(999.0000)
equus_caballus     0.4804(999.0000)  0.4522(999.0000)  0.4522(999.0000)  0.2549(999.0000)  0.4700(999.0000)  0.5036(55.0739)  0.5036(55.0739)  0.5352(59.6234)  0.5036(55.0739)  0.5036(55.0739)  0.5352(59.6234)  0.3268(35.4450)  0.2903(31.6654)  0.2903(31.6654)  0.2870(30.8251)  0.2870(30.8251)  0.4462(47.9437)  1.5902(45.2999)  0.5186( 6.1360)  0.4595( 8.5487)  0.2443(999.0000)  0.3909(999.0000)  0.5400(24.1917)  0.7715(80.2502)  0.5355(999.0000)  0.6903(74.7817)  0.2313( 9.9957)  1.1008(16.5507)  0.3099(32.4991)  1.0639(31.9033)  2.8348(331.1265)  1.1064(116.7259)  0.6396(68.0345)  0.6396(68.0345)
sus_scrofa         0.3961( 5.6715)  0.3559( 4.8417)  0.3559( 4.8417)  0.3754( 5.3129)  0.6095(10.0803)  0.6372( 7.2411)  0.6372( 7.2411)  0.6802( 7.9389)  0.6372( 7.2411)  0.6372( 7.2411)  0.6802( 7.9389)  0.4675( 4.8158)  0.4229( 4.1836)  0.4229( 4.1836)  0.4473( 4.5003)  0.4473( 4.5003)  0.6323( 7.1084)  1.5153(36.8796)  1.2288(15.4465)  1.0058( 9.5584)  0.7502(12.2486)  0.5446( 8.5785)  0.9662( 8.4389)  0.6648( 7.3535)  0.6750(10.8659)  0.4339( 4.1123)  0.4904( 3.4691)  1.5472( 6.9436)  0.4490( 4.3313)  1.0765( 7.0378)  3.0690(86.8200)  0.7913( 9.1500)  0.5164( 5.3441)  0.5164( 5.3441)  1.3040(23.8284)
myotis_lucifugus    0.4616(999.0000)  0.4419(999.0000)  0.4419(999.0000)  0.2380(999.0000)  0.5302(999.0000)  0.4910(51.7805)  0.4910(51.7805)  0.5129(54.7280)  0.4910(51.7805)  0.4910(51.7805)  0.5129(54.7280)  0.2974(31.0986)  0.2712(28.3720)  0.2712(28.3720)  0.2542(25.9297)  0.2542(25.9297)  0.4185(43.0483)  0.7870(20.5108)  0.9283(12.6458)  0.5521(10.4907)  0.5423(999.0000)  0.3316(999.0000)  0.8149(37.1400)  0.2508(23.8884)  0.5009(999.0000)  0.6384(65.7382)  0.2650(11.3643)  0.8986(12.5505)  0.3489(35.4136)  1.1301(32.8813)  2.9891(336.8850)  1.1740(119.3206)  0.6889(70.6292)  0.6889(70.6292)  2.3950(999.0000)  0.6508(10.5896)
pteropus_vampyrus    0.4331(18.4314)  0.3964(16.5273)  0.3964(16.5273)  0.2603(10.3245)  0.4299(18.7469)  0.4419(11.0152)  0.4419(11.0152)  0.4831(12.3559)  0.4419(11.0152)  0.4419(11.0152)  0.4831(12.3559)  0.3395( 8.0704)  0.2980( 6.8644)  0.2980( 6.8644)  0.3269( 7.6493)  0.3269( 7.6493)  0.4528(11.2199)  1.2005(14.7302)  1.4219(10.6201)  0.8502( 8.1758)  0.4047(16.6114)  0.4183(17.7778)  0.7889(13.5689)  0.7145(18.3386)  0.4868(20.4949)  0.6465(16.6252)  0.3645( 5.4455)  1.2348(17.0639)  0.3126( 6.9971)  0.7111( 8.4831)  1.0362(29.3931)  0.3113( 6.8117)  0.5473(13.7697)  0.5473(13.7697)  0.4088(17.6381)  0.4119( 2.3596)  0.8604(38.6194)
sorex_araneus      0.8217( 3.9095)  0.7511( 3.3543)  0.7511( 3.3543)  0.5609( 1.9955)  0.5492( 1.9394)  0.7802( 2.5039)  0.7802( 2.5039)  0.8352( 2.8604)  0.7802( 2.5039)  0.7802( 2.5039)  0.8352( 2.8604)  0.6363( 1.6597)  0.5811( 1.3330)  0.5811( 1.3330)  0.7075( 2.0853)  0.7075( 2.0853)  0.8880( 3.1247)  3.6743(11.0501)  1.1138( 0.5288)  1.5843( 2.9798)  0.8224( 3.8068)  0.8867( 4.3946)  1.7576(10.4480)  0.6881( 1.8745)  0.9224( 4.5471)  1.3733( 5.6993)  0.9582( 2.5015)  2.5631( 4.4997)  0.8368( 2.7668)  1.8449( 8.6283)  1.2832( 5.6377)  1.7775( 8.1819)  1.1946( 4.8748)  1.1946( 4.8748)  1.3162( 7.7154)  1.0616( 1.0169)  0.7266( 3.1883)  1.0062( 2.5326)
loxodonta_africana    0.4901(999.0000)  0.4753(999.0000)  0.4753(999.0000)  0.2799(999.0000)  0.5411(999.0000)  0.5254(52.1817)  0.5254(52.1817)  0.5419(54.4794)  0.5254(52.1817)  0.5254(52.1817)  0.5419(54.4794)  0.3386(33.2628)  0.3153(31.1070)  0.3153(31.1070)  0.2982(28.9785)  0.2982(28.9785)  0.4712(46.1576)  1.2412(32.0318)  2.3977(33.8892)  1.0785(21.1490)  0.5623(999.0000)  0.3586(999.0000)  0.8763(38.0679)  0.7982(76.8218)  0.1741(999.0000)  0.7310(71.9376)  0.3100(12.9065)  0.9671(13.0259)  0.3923(37.7303)  0.5298(13.3467)  1.7229(180.0186)  0.3903(36.6162)  0.2565(23.7058)  0.2565(23.7058)  1.4162(999.0000)  0.4706( 6.7992)  1.4382(999.0000)  0.3179(12.2980)  1.0861( 5.5913)

TREE #  1:  (40, (((((((21, 22), 23), (25, 24)), 26), (28, 27)), ((20, 19), (18, (((17, 16), 15), (((((2, 3), 1), 4), 5), (((14, 13), 12), (11, ((7, 6), ((9, 8), 10))))))))), (39, (((36, 35), (((33, 34), 32), (31, (30, 29)))), (38, 37)))));  MP score: -1.00
lnL(ntime: 78  np: 80):   -608.352616    +0.000000
  41..40   41..42   42..43   43..44   44..45   45..46   46..47   47..48   48..21   48..22   47..23   46..49   49..25   49..24   45..26   44..50   50..28   50..27   43..51   51..52   52..20   52..19   51..53   53..18   53..54   54..55   55..56   56..17   56..16   55..15   54..57   57..58   58..59   59..60   60..61   61..2    61..3    60..1    59..4    58..5    57..62   62..63   63..64   64..14   64..13   63..12   62..65   65..11   65..66   66..67   67..7    67..6    66..68   68..69   69..9    69..8    68..10   42..70   70..39   70..71   71..72   72..73   73..36   73..35   72..74   74..75   75..76   76..33   76..34   75..32   74..77   77..31   77..78   78..30   78..29   71..79   79..38   79..37 
 0.061969 0.000004 0.000004 0.000004 0.000004 0.063329 0.000004 0.000004 0.040862 0.020527 0.133492 0.000004 0.020262 0.063427 0.113492 0.043853 0.236509 0.044087 0.020669 0.153032 0.062732 0.074001 0.000004 0.243340 0.000004 0.042939 0.000004 0.020532 0.000004 0.000004 0.000004 0.000004 0.000004 0.020576 0.000004 0.000004 0.000004 0.020475 0.000004 0.087278 0.021054 0.000004 0.000004 0.000004 0.000004 0.020825 0.020722 0.020637 0.000004 0.000004 0.000004 0.000004 0.000004 0.000004 0.000004 0.020613 0.000004 0.000004 0.406790 0.000004 0.020567 0.000004 0.162887 0.064937 0.021030 0.064650 0.000004 0.000004 0.000004 0.019851 0.000004 0.137657 0.000004 0.115849 0.042686 0.000004 0.133850 0.063395 5.713717 999.000000

tree length =   2.94554

(loxodonta_africana, (((((((cavia_porcellus, chinchilla_lanigera), octodon_degus), (heterocephalus_glaber_male, fukomys_damarensis)), ictidomys_tridecemlineatus), (dipodomys_ordii, jaculus_jaculus)), ((propithecus_coquereli, otolemur_garnettii), (carlito_syrichta, (((saimiri_boliviensis_boliviensis, cebus_capucinus), aotus_nancymaae), (((((pan_paniscus, pan_troglodytes), homo_sapiens), gorilla_gorilla), nomascus_leucogenys), (((rhinopithecus_roxellana, rhinopithecus_bieti), colobus_angolensis_palliatus), (chlorocebus_sabaeus, ((mandrillus_leucophaeus, cercocebus_atys), ((macaca_mulatta, macaca_fascicularis), macaca_nemestrina))))))))), (sorex_araneus, (((sus_scrofa, equus_caballus), (((panthera_pardus, panthera_tigris_altaica), felis_catus), (canis_familiaris, (mustela_putorius_furo, ailuropoda_melanoleuca)))), (pteropus_vampyrus, myotis_lucifugus)))));

(loxodonta_africana: 0.061969, (((((((cavia_porcellus: 0.040862, chinchilla_lanigera: 0.020527): 0.000004, octodon_degus: 0.133492): 0.000004, (heterocephalus_glaber_male: 0.020262, fukomys_damarensis: 0.063427): 0.000004): 0.063329, ictidomys_tridecemlineatus: 0.113492): 0.000004, (dipodomys_ordii: 0.236509, jaculus_jaculus: 0.044087): 0.043853): 0.000004, ((propithecus_coquereli: 0.062732, otolemur_garnettii: 0.074001): 0.153032, (carlito_syrichta: 0.243340, (((saimiri_boliviensis_boliviensis: 0.020532, cebus_capucinus: 0.000004): 0.000004, aotus_nancymaae: 0.000004): 0.042939, (((((pan_paniscus: 0.000004, pan_troglodytes: 0.000004): 0.000004, homo_sapiens: 0.020475): 0.020576, gorilla_gorilla: 0.000004): 0.000004, nomascus_leucogenys: 0.087278): 0.000004, (((rhinopithecus_roxellana: 0.000004, rhinopithecus_bieti: 0.000004): 0.000004, colobus_angolensis_palliatus: 0.020825): 0.000004, (chlorocebus_sabaeus: 0.020637, ((mandrillus_leucophaeus: 0.000004, cercocebus_atys: 0.000004): 0.000004, ((macaca_mulatta: 0.000004, macaca_fascicularis: 0.020613): 0.000004, macaca_nemestrina: 0.000004): 0.000004): 0.000004): 0.020722): 0.021054): 0.000004): 0.000004): 0.000004): 0.020669): 0.000004, (sorex_araneus: 0.406790, (((sus_scrofa: 0.162887, equus_caballus: 0.064937): 0.000004, (((panthera_pardus: 0.000004, panthera_tigris_altaica: 0.000004): 0.000004, felis_catus: 0.019851): 0.064650, (canis_familiaris: 0.137657, (mustela_putorius_furo: 0.115849, ailuropoda_melanoleuca: 0.042686): 0.000004): 0.000004): 0.021030): 0.020567, (pteropus_vampyrus: 0.133850, myotis_lucifugus: 0.063395): 0.000004): 0.000004): 0.000004): 0.000004);

Detailed output identifying parameters

Parameters (kappa) in the rate matrix (HKY85) (Yang 1994 J Mol Evol 39:105-111):
  5.71372

alpha (gamma, K=5) = 999.00000
rate:   0.95611  0.98294  0.99967  1.01660  1.04468
freq:   0.20000  0.20000  0.20000  0.20000  0.20000

