
BASEML (in paml version 4.9h, March 2018)  ../../0_chopped_alignments/segment_7916_8695_585_635/alignment.fa  HKY85 dGamma (ncatG=5)
Frequencies..
                                    T      C      A      G
homo_sapiens                   0.34000 0.18000 0.28000 0.20000 GC = 0.380
pan_paniscus                   0.34000 0.18000 0.30000 0.18000 GC = 0.360
pan_troglodytes                0.34000 0.18000 0.30000 0.18000 GC = 0.360
gorilla_gorilla                0.36000 0.16000 0.28000 0.20000 GC = 0.360
nomascus_leucogenys            0.34000 0.18000 0.28000 0.20000 GC = 0.380
cercocebus_atys                0.34000 0.18000 0.28000 0.20000 GC = 0.380
mandrillus_leucophaeus         0.34000 0.18000 0.28000 0.20000 GC = 0.380
macaca_fascicularis            0.34000 0.18000 0.30000 0.18000 GC = 0.360
macaca_mulatta                 0.34000 0.18000 0.30000 0.18000 GC = 0.360
macaca_nemestrina              0.34000 0.18000 0.30000 0.18000 GC = 0.360
chlorocebus_sabaeus            0.34000 0.18000 0.28000 0.20000 GC = 0.380
colobus_angolensis_palliatus   0.34000 0.18000 0.28000 0.20000 GC = 0.380
rhinopithecus_bieti            0.34000 0.18000 0.26000 0.22000 GC = 0.400
rhinopithecus_roxellana        0.34000 0.18000 0.26000 0.22000 GC = 0.400
aotus_nancymaae                0.34694 0.18367 0.26531 0.20408 GC = 0.388
cebus_capucinus                0.36000 0.18000 0.26000 0.20000 GC = 0.380
saimiri_boliviensis_boliviensis 0.38000 0.16000 0.26000 0.20000 GC = 0.360
carlito_syrichta               0.42000 0.16000 0.24000 0.18000 GC = 0.340
otolemur_garnettii             0.30000 0.22000 0.28000 0.20000 GC = 0.420
propithecus_coquereli          0.38000 0.16000 0.26000 0.20000 GC = 0.360
cavia_porcellus                0.42000 0.14000 0.28000 0.16000 GC = 0.300
chinchilla_lanigera            0.36000 0.18000 0.26000 0.20000 GC = 0.380
octodon_degus                  0.36000 0.18000 0.26000 0.20000 GC = 0.380
fukomys_damarensis             0.30000 0.26000 0.26000 0.18000 GC = 0.440
heterocephalus_glaber_male     0.36000 0.16000 0.26000 0.22000 GC = 0.380
ictidomys_tridecemlineatus     0.32000 0.18000 0.36000 0.14000 GC = 0.320
jaculus_jaculus                0.34000 0.20000 0.26000 0.20000 GC = 0.400
dipodomys_ordii                0.38000 0.16000 0.34000 0.12000 GC = 0.280
ailuropoda_melanoleuca         0.38000 0.14000 0.26000 0.22000 GC = 0.360
mustela_putorius_furo          0.38000 0.18000 0.22000 0.22000 GC = 0.400
canis_familiaris               0.40000 0.14000 0.26000 0.20000 GC = 0.340
felis_catus                    0.38000 0.18000 0.26000 0.18000 GC = 0.360
panthera_pardus                0.38000 0.18000 0.26000 0.18000 GC = 0.360
panthera_tigris_altaica        0.38000 0.18000 0.26000 0.18000 GC = 0.360
equus_caballus                 0.36000 0.16000 0.28000 0.20000 GC = 0.360
sus_scrofa                     0.35417 0.16667 0.29167 0.18750 GC = 0.354
myotis_lucifugus               0.38000 0.18000 0.22000 0.22000 GC = 0.400
pteropus_vampyrus              0.38000 0.18000 0.20000 0.24000 GC = 0.420
sorex_araneus                  0.36000 0.18000 0.24000 0.22000 GC = 0.400
loxodonta_africana             0.34000 0.16000 0.28000 0.22000 GC = 0.380

Homogeneity statistic: X2 = 0.38731 G = 0.38757 

Average                        0.35704 0.17626 0.27141 0.19529
(Ambiguity characters are used to calculate freqs.)


# constant sites:      9 (18.00%)
Distances:HKY85 (kappa)  (alpha set at 0.50)
This matrix is not used in later m.l. analysis.

(Pairwise deletion.)
homo_sapiens     
pan_paniscus       0.0242(999.0000)
pan_troglodytes    0.0242(999.0000)  0.0000(999.0000)
gorilla_gorilla    0.0223(999.0000)  0.0460(999.0000)  0.0460(999.0000)
nomascus_leucogenys    0.0000(999.0000)  0.0242(999.0000)  0.0242(999.0000)  0.0223(999.0000)
cercocebus_atys    0.0000(999.0000)  0.0242(999.0000)  0.0242(999.0000)  0.0223(999.0000)  0.0000(999.0000)
mandrillus_leucophaeus    0.0000(999.0000)  0.0242(999.0000)  0.0242(999.0000)  0.0223(999.0000)  0.0000(999.0000)  0.0000(999.0000)
macaca_fascicularis    0.0242(999.0000)  0.0575(999.0000)  0.0575(999.0000)  0.0460(999.0000)  0.0242(999.0000)  0.0242(999.0000)  0.0242(999.0000)
macaca_mulatta     0.0242(999.0000)  0.0575(999.0000)  0.0575(999.0000)  0.0460(999.0000)  0.0242(999.0000)  0.0242(999.0000)  0.0242(999.0000)  0.0000(999.0000)
macaca_nemestrina    0.0242(999.0000)  0.0575(999.0000)  0.0575(999.0000)  0.0460(999.0000)  0.0242(999.0000)  0.0242(999.0000)  0.0242(999.0000)  0.0000(999.0000)  0.0000(999.0000)
chlorocebus_sabaeus    0.0000(999.0000)  0.0242(999.0000)  0.0242(999.0000)  0.0223(999.0000)  0.0000(999.0000)  0.0000(999.0000)  0.0000(999.0000)  0.0242(999.0000)  0.0242(999.0000)  0.0242(999.0000)
colobus_angolensis_palliatus    0.0000(999.0000)  0.0242(999.0000)  0.0242(999.0000)  0.0223(999.0000)  0.0000(999.0000)  0.0000(999.0000)  0.0000(999.0000)  0.0242(999.0000)  0.0242(999.0000)  0.0242(999.0000)  0.0000(999.0000)
rhinopithecus_bieti    0.0238(999.0000)  0.0557(999.0000)  0.0557(999.0000)  0.0458(999.0000)  0.0238(999.0000)  0.0238(999.0000)  0.0238(999.0000)  0.0557(999.0000)  0.0557(999.0000)  0.0557(999.0000)  0.0238(999.0000)  0.0238(999.0000)
rhinopithecus_roxellana    0.0238(999.0000)  0.0557(999.0000)  0.0557(999.0000)  0.0458(999.0000)  0.0238(999.0000)  0.0238(999.0000)  0.0238(999.0000)  0.0557(999.0000)  0.0557(999.0000)  0.0557(999.0000)  0.0238(999.0000)  0.0238(999.0000)  0.0000(999.0000)
aotus_nancymaae    0.0258(999.0000)  0.0615(999.0000)  0.0615(999.0000)  0.0472(999.0000)  0.0258(999.0000)  0.0258(999.0000)  0.0258(999.0000)  0.0615(999.0000)  0.0615(999.0000)  0.0615(999.0000)  0.0258(999.0000)  0.0258(999.0000)  0.0598(999.0000)  0.0598(999.0000)
cebus_capucinus    0.0476( 2.6320)  0.0841( 6.3307)  0.0841( 6.3307)  0.0701( 4.9617)  0.0476( 2.6320)  0.0476( 2.6320)  0.0476( 2.6320)  0.0841( 6.3307)  0.0841( 6.3307)  0.0841( 6.3307)  0.0476( 2.6320)  0.0476( 2.6320)  0.0827( 6.1137)  0.0827( 6.1137)  0.0000( 6.1137)
saimiri_boliviensis_boliviensis    0.0701( 4.9617)  0.1059( 8.6603)  0.1059( 8.6603)  0.1018( 8.3278)  0.0701( 4.9617)  0.0701( 4.9617)  0.0701( 4.9617)  0.1059( 8.6603)  0.1059( 8.6603)  0.1059( 8.6603)  0.0701( 4.9617)  0.0701( 4.9617)  0.1048( 8.4433)  0.1048( 8.4433)  0.0808(999.0000)  0.0804(999.0000)
carlito_syrichta    0.1263( 1.5849)  0.1594( 2.5900)  0.1594( 2.5900)  0.0944( 0.6489)  0.1263( 1.5849)  0.1263( 1.5849)  0.1263( 1.5849)  0.1594( 2.5900)  0.1594( 2.5900)  0.1594( 2.5900)  0.1263( 1.5849)  0.1263( 1.5849)  0.1594( 2.5573)  0.1594( 2.5573)  0.0992( 2.4409)  0.0955( 2.3823)  0.1707( 6.0897)
otolemur_garnettii    0.2320( 8.5559)  0.2695(10.3506)  0.2695(10.3506)  0.3300(13.1877)  0.2320( 8.5559)  0.2320( 8.5559)  0.2320( 8.5559)  0.2695(10.3506)  0.2695(10.3506)  0.2695(10.3506)  0.2320( 8.5559)  0.2320( 8.5559)  0.2700(10.2348)  0.2700(10.2348)  0.1742(14.4965)  0.1633(13.8602)  0.3112(28.6217)  0.2250( 4.3765)
propithecus_coquereli    0.0701( 4.9617)  0.1059( 8.6603)  0.1059( 8.6603)  0.1018( 8.3278)  0.0701( 4.9617)  0.0701( 4.9617)  0.0701( 4.9617)  0.1059( 8.6603)  0.1059( 8.6603)  0.1059( 8.6603)  0.0701( 4.9617)  0.0701( 4.9617)  0.0440( 2.2989)  0.0440( 2.2989)  0.0808(999.0000)  0.0804(999.0000)  0.1084(999.0000)  0.0981( 2.5584)  0.1750(15.1779)
cavia_porcellus    0.2437( 2.9746)  0.3166( 4.5784)  0.3166( 4.5784)  0.3001( 4.2693)  0.2437( 2.9746)  0.2437( 2.9746)  0.2437( 2.9746)  0.3166( 4.5784)  0.3166( 4.5784)  0.3166( 4.5784)  0.2437( 2.9746)  0.2437( 2.9746)  0.3102( 4.3619)  0.3102( 4.3619)  0.2765( 5.9734)  0.2729( 6.1075)  0.3213( 7.7549)  0.2116( 4.3285)  0.4337( 6.7926)  0.2371( 5.1258)
chinchilla_lanigera    0.2893( 2.2449)  0.3388( 3.0136)  0.3388( 3.0136)  0.3798( 3.6702)  0.2893( 2.2449)  0.2893( 2.2449)  0.2893( 2.2449)  0.3388( 3.0136)  0.3388( 3.0136)  0.3388( 3.0136)  0.2893( 2.2449)  0.2893( 2.2449)  0.3381( 2.9678)  0.3381( 2.9678)  0.2999( 3.7992)  0.2906( 3.7877)  0.3683( 5.4563)  0.2409( 2.8143)  0.3344( 2.8532)  0.2418( 2.8394)  0.2396( 5.0911)
octodon_degus      0.3535( 3.2148)  0.4666( 4.9589)  0.4666( 4.9589)  0.4109( 4.1465)  0.3535( 3.2148)  0.3535( 3.2148)  0.3535( 3.2148)  0.4666( 4.9589)  0.4666( 4.9589)  0.4666( 4.9589)  0.3535( 3.2148)  0.3535( 3.2148)  0.4565( 4.7479)  0.4565( 4.7479)  0.2470( 2.7552)  0.2415( 2.7883)  0.4618( 7.3914)  0.2469( 2.9387)  0.4096( 3.9623)  0.3744( 5.5834)  0.5434(14.3701)  0.4623( 7.2820)
fukomys_damarensis    0.3975( 2.3826)  0.4582( 3.0811)  0.4582( 3.0811)  0.5139( 3.7119)  0.3975( 2.3826)  0.3975( 2.3826)  0.3975( 2.3826)  0.4582( 3.0811)  0.4582( 3.0811)  0.4582( 3.0811)  0.3975( 2.3826)  0.3975( 2.3826)  0.4573( 3.0307)  0.4573( 3.0307)  0.4130( 3.7468)  0.3971( 3.6773)  0.4956( 5.1441)  0.4430( 1.7968)  0.3834( 2.1962)  0.3345( 2.8054)  0.6724( 5.5412)  0.6334( 3.4694)  0.6334( 3.4694)
heterocephalus_glaber_male    0.1816( 6.4484)  0.2559(10.0250)  0.2559(10.0250)  0.2157( 8.1981)  0.1816( 6.4484)  0.1816( 6.4484)  0.1816( 6.4484)  0.1326( 4.1527)  0.1326( 4.1527)  0.1326( 4.1527)  0.1816( 6.4484)  0.1816( 6.4484)  0.2507( 9.6776)  0.2507( 9.6776)  0.2752(10.5673)  0.3068( 6.9045)  0.3403( 8.0313)  0.3264( 2.8884)  0.3876( 5.6730)  0.2772( 6.1351)  0.3714( 2.3188)  0.4208( 1.7380)  0.7665( 4.9321)  0.3850( 2.2513)
ictidomys_tridecemlineatus    0.6110(16.2254)  0.9082(25.5460)  0.9082(25.5460)  0.7356(20.2659)  0.6110(16.2254)  0.6110(16.2254)  0.6110(16.2254)  0.4789(12.4171)  0.4789(12.4171)  0.4789(12.4171)  0.6110(16.2254)  0.6110(16.2254)  0.8177(22.1846)  0.8177(22.1846)  0.6493(16.7103)  0.7081(12.6771)  0.8384(15.6483)  0.7322( 6.7020)  1.1192(14.9375)  0.6289(11.1810)  0.8462( 6.1234)  0.8264( 4.0318)  1.6849(10.4965)  1.4715( 6.4919)  0.5115( 5.7998)
jaculus_jaculus    0.3069( 6.7430)  0.3993( 9.4694)  0.3993( 9.4694)  0.3764( 8.8652)  0.3069( 6.7430)  0.3069( 6.7430)  0.3069( 6.7430)  0.3993( 9.4694)  0.3993( 9.4694)  0.3993( 9.4694)  0.3069( 6.7430)  0.3069( 6.7430)  0.3918( 9.1442)  0.3918( 9.1442)  0.2151( 7.5734)  0.2089( 7.5477)  0.4110(17.1236)  0.2660(10.3148)  0.5331(12.9775)  0.3510(14.3113)  0.2511( 5.3353)  0.5285( 8.5039)  0.4262( 6.4527)  0.9066( 5.7936)  0.5124( 5.5892)  0.6909( 6.0041)
dipodomys_ordii    0.3226( 7.7012)  0.2759( 6.3537)  0.2759( 6.3537)  0.4477(11.7729)  0.3226( 7.7012)  0.3226( 7.7012)  0.3226( 7.7012)  0.3225( 7.8130)  0.3225( 7.8130)  0.3225( 7.8130)  0.3226( 7.7012)  0.3226( 7.7012)  0.3859( 9.5337)  0.3859( 9.5337)  0.3487(14.4832)  0.3385(14.4563)  0.4446(20.0737)  0.3708( 5.8219)  0.6252(16.5303)  0.2781(11.7015)  0.6170( 8.0665)  0.7191( 6.5418)  0.5781( 4.8205)  0.5298( 2.6938)  0.5384( 6.3814)  1.8440(39.6277)  0.7781(14.1942)
ailuropoda_melanoleuca    0.1670( 5.8529)  0.2169( 8.3030)  0.2169( 8.3030)  0.2209( 8.6042)  0.1670( 5.8529)  0.1670( 5.8529)  0.1670( 5.8529)  0.2169( 8.3030)  0.2169( 8.3030)  0.2169( 8.3030)  0.1670( 5.8529)  0.1670( 5.8529)  0.2150( 8.1257)  0.2150( 8.1257)  0.1053( 8.3325)  0.1019( 8.2943)  0.1499(13.4916)  0.1617( 2.7346)  0.2419( 9.1696)  0.1499(13.4916)  0.3089( 4.5268)  0.3101( 7.1242)  0.2835( 2.2184)  0.4645( 3.1724)  0.2544( 3.1841)  0.6148( 7.5358)  0.2833( 6.2107)  0.4930(13.2934)
mustela_putorius_furo    0.3484(14.1297)  0.4816(20.4284)  0.4816(20.4284)  0.4116(17.3607)  0.3484(14.1297)  0.3484(14.1297)  0.3484(14.1297)  0.4816(20.4284)  0.4816(20.4284)  0.4816(20.4284)  0.3484(14.1297)  0.3484(14.1297)  0.4722(19.8535)  0.4722(19.8535)  0.2342(20.5542)  0.2300(20.7457)  0.3902(37.3084)  0.2390(21.9795)  0.4012(16.1501)  0.3902(37.3084)  0.5249(23.3084)  0.2481( 5.0762)  0.4115( 9.8113)  0.8133( 6.8551)  0.5623( 9.4057)  0.7366( 9.1483)  0.3541(32.5791)  1.1202(31.6524)  0.1109( 3.1547)
canis_familiaris    0.2109(19.6165)  0.2451(23.3151)  0.2451(23.3151)  0.3304(32.6116)  0.2109(19.6165)  0.2109(19.6165)  0.2109(19.6165)  0.2451(23.3151)  0.2451(23.3151)  0.2451(23.3151)  0.2109(19.6165)  0.2109(19.6165)  0.2457(23.0982)  0.2457(23.0982)  0.2138(999.0000)  0.2052(999.0000)  0.1506(999.0000)  0.2406( 9.7041)  0.4550(43.4104)  0.1506(999.0000)  0.2599( 5.9811)  0.3304( 4.7606)  0.4424( 7.1201)  0.6056( 6.8188)  0.2579( 5.6646)  0.8437(16.0326)  0.2755(10.9550)  0.3497(15.6294)  0.0703( 5.2570)  0.1606(14.3631)
felis_catus        0.1696( 5.8536)  0.1693( 5.8829)  0.1693( 5.8829)  0.2351( 9.0845)  0.1696( 5.8536)  0.1696( 5.8536)  0.1696( 5.8536)  0.2111( 7.8665)  0.2111( 7.8665)  0.2111( 7.8665)  0.1696( 5.8536)  0.1696( 5.8536)  0.2103( 7.7240)  0.2103( 7.7240)  0.1808(15.5249)  0.1761(15.5210)  0.1385(11.9538)  0.2008( 3.7872)  0.3428(13.6368)  0.1385(11.9538)  0.2975( 4.1253)  0.2829( 2.1424)  0.4205( 4.2219)  0.4810( 3.2658)  0.2418( 2.8394)  0.6249( 7.6039)  0.3942( 9.2471)  0.4139(10.5472)  0.0728( 1.3292)  0.1854( 6.5153)  0.0428( 2.2393)
panthera_pardus    0.1696( 5.8536)  0.1693( 5.8829)  0.1693( 5.8829)  0.2351( 9.0845)  0.1696( 5.8536)  0.1696( 5.8536)  0.1696( 5.8536)  0.2111( 7.8665)  0.2111( 7.8665)  0.2111( 7.8665)  0.1696( 5.8536)  0.1696( 5.8536)  0.2103( 7.7240)  0.2103( 7.7240)  0.1808(15.5249)  0.1761(15.5210)  0.1385(11.9538)  0.2008( 3.7872)  0.3428(13.6368)  0.1385(11.9538)  0.2975( 4.1253)  0.2829( 2.1424)  0.4205( 4.2219)  0.4810( 3.2658)  0.2418( 2.8394)  0.6249( 7.6039)  0.3942( 9.2471)  0.4139(10.5472)  0.0728( 1.3292)  0.1854( 6.5153)  0.0428( 2.2393)  0.0000( 2.2393)
panthera_tigris_altaica    0.1696( 5.8536)  0.1693( 5.8829)  0.1693( 5.8829)  0.2351( 9.0845)  0.1696( 5.8536)  0.1696( 5.8536)  0.1696( 5.8536)  0.2111( 7.8665)  0.2111( 7.8665)  0.2111( 7.8665)  0.1696( 5.8536)  0.1696( 5.8536)  0.2103( 7.7240)  0.2103( 7.7240)  0.1808(15.5249)  0.1761(15.5210)  0.1385(11.9538)  0.2008( 3.7872)  0.3428(13.6368)  0.1385(11.9538)  0.2975( 4.1253)  0.2829( 2.1424)  0.4205( 4.2219)  0.4810( 3.2658)  0.2418( 2.8394)  0.6249( 7.6039)  0.3942( 9.2471)  0.4139(10.5472)  0.0728( 1.3292)  0.1854( 6.5153)  0.0428( 2.2393)  0.0000( 2.2393)  0.0000( 2.2393)
equus_caballus     0.2143( 8.0449)  0.2659(10.5862)  0.2659(10.5862)  0.2912(11.9017)  0.2143( 8.0449)  0.2143( 8.0449)  0.2143( 8.0449)  0.2659(10.5862)  0.2659(10.5862)  0.2659(10.5862)  0.2143( 8.0449)  0.2143( 8.0449)  0.2638(10.3405)  0.2638(10.3405)  0.2324(20.7827)  0.2270(20.9109)  0.1842(16.8510)  0.2528( 5.4540)  0.4191(17.3166)  0.1842(16.8510)  0.3680( 5.7505)  0.3412( 3.0774)  0.3412( 3.0774)  0.3919( 5.6651)  0.2979( 4.0499)  0.7671( 9.9202)  0.4806(11.9095)  0.4477(11.7729)  0.1046( 2.9022)  0.2485( 9.6273)  0.0702( 5.1608)  0.0736( 1.3512)  0.0736( 1.3512)  0.0736( 1.3512)
sus_scrofa         0.3646( 8.1759)  0.4224( 9.9113)  0.4224( 9.9113)  0.5430(13.4689)  0.3646( 8.1759)  0.3646( 8.1759)  0.3646( 8.1759)  0.4224( 9.9113)  0.4224( 9.9113)  0.4224( 9.9113)  0.3646( 8.1759)  0.3646( 8.1759)  0.4213( 9.7121)  0.4213( 9.7121)  0.3785(14.5958)  0.3628(14.4333)  0.2868(11.1544)  0.4104( 6.0905)  0.7547(18.7210)  0.2868(11.1544)  0.4003( 6.0014)  0.4667( 4.6725)  0.3535( 1.7760)  0.5100( 2.1769)  0.4441( 4.3469)  1.4680(14.7371)  0.5986( 9.3754)  0.5614( 9.3473)  0.1784( 6.1820)  0.3689( 8.4210)  0.1412( 4.4586)  0.1717( 2.7773)  0.1717( 2.7773)  0.1717( 2.7773)  0.1489( 2.1310)
myotis_lucifugus    0.2662(10.2982)  0.3510(14.3113)  0.3510(14.3113)  0.3308(13.5292)  0.2662(10.2982)  0.2662(10.2982)  0.2662(10.2982)  0.3510(14.3113)  0.3510(14.3113)  0.3510(14.3113)  0.2662(10.2982)  0.2662(10.2982)  0.3469(14.0239)  0.3469(14.0239)  0.3129(28.1664)  0.3095(28.6537)  0.2693(25.0865)  0.3256( 7.4229)  0.4855(19.9817)  0.2693(25.0865)  0.4909( 8.1465)  0.4170( 4.1325)  0.5397( 5.9710)  0.5058( 7.6821)  0.4052( 6.1775)  0.9292(12.1062)  0.5606(13.9183)  0.7776(21.2977)  0.1647( 5.7428)  0.4293(17.8152)  0.1081( 8.9542)  0.1213( 3.5327)  0.1213( 3.5327)  0.1213( 3.5327)  0.1677( 5.7958)  0.2148( 3.9818)
pteropus_vampyrus    0.5595(23.9129)  0.6414(27.7975)  0.6414(27.7975)  0.4274(18.0628)  0.5595(23.9129)  0.5595(23.9129)  0.5595(23.9129)  0.6414(27.7975)  0.6414(27.7975)  0.6414(27.7975)  0.5595(23.9129)  0.5595(23.9129)  0.5595(23.8954)  0.5595(23.8954)  0.5879(54.6740)  0.5613(53.5845)  0.4479(43.0671)  0.3854( 9.1650)  0.4036(16.2226)  0.3703(35.2349)  0.8750(16.1764)  0.4908( 5.2294)  1.1190(14.6257)  0.6498( 5.0616)  0.5320( 8.7755)  2.4722(35.4901)  1.3778(37.1844)  1.8515(53.2783)  0.2679(10.7039)  0.5207(22.0738)  0.2387(22.3820)  0.2105( 7.6678)  0.2105( 7.6678)  0.2105( 7.6678)  0.2666(10.4597)  0.5109(12.4656)  0.1338( 4.1022)
sorex_araneus      0.3529(33.0265)  0.2837(26.2643)  0.2837(26.2643)  0.4486(43.2113)  0.3529(33.0265)  0.3529(33.0265)  0.3529(33.0265)  0.4633(44.2403)  0.4633(44.2403)  0.4633(44.2403)  0.3529(33.0265)  0.3529(33.0265)  0.4550(43.0389)  0.4550(43.0389)  0.2504(999.0000)  0.2429(999.0000)  0.3588(999.0000)  0.3332(13.6438)  0.2772(24.8538)  0.3588(999.0000)  0.6466(17.3992)  0.6401(10.8522)  0.5306( 8.6333)  0.5033( 5.1787)  0.5173(13.0717)  1.2905(24.6257)  0.5395(22.7131)  0.4279(18.6481)  0.1359(11.7502)  0.1755(15.3010)  0.2510(999.0000)  0.1758(15.4092)  0.1758(15.4092)  0.1758(15.4092)  0.2949(27.6731)  0.4417(17.9263)  0.4301(40.5731)  0.4835(45.8626)
loxodonta_africana    0.2549( 5.3577)  0.3070( 6.9391)  0.3070( 6.9391)  0.2015( 3.8456)  0.2549( 5.3577)  0.2549( 5.3577)  0.2549( 5.3577)  0.3070( 6.9391)  0.3070( 6.9391)  0.3070( 6.9391)  0.2549( 5.3577)  0.2549( 5.3577)  0.3055( 6.8109)  0.3055( 6.8109)  0.2712(10.3015)  0.2638(10.3405)  0.3404(14.1973)  0.2047( 2.1112)  0.3756( 8.6842)  0.2157( 8.1981)  0.3024( 2.5929)  0.3296( 1.7209)  0.4409( 6.9273)  0.5882( 6.5288)  0.2511( 5.2987)  0.5834( 4.8170)  0.4528( 7.0689)  0.6904(12.7087)  0.2026( 3.9252)  0.3401( 7.8604)  0.1863( 6.9071)  0.1609( 2.6106)  0.1609( 2.6106)  0.1609( 2.6106)  0.2015( 3.8456)  0.4648( 7.1725)  0.2577( 5.4355)  0.2573( 5.4140)  0.5116(21.9768)

TREE #  1:  (40, (((((((21, 22), 23), (25, 24)), 26), (28, 27)), ((20, 19), (18, (((17, 16), 15), (((((2, 3), 1), 4), 5), (((14, 13), 12), (11, ((7, 6), ((9, 8), 10))))))))), (39, (((36, 35), (((33, 34), 32), (31, (30, 29)))), (38, 37)))));  MP score: -1.00
lnL(ntime: 78  np: 80):   -530.891459    +0.000000
  41..40   41..42   42..43   43..44   44..45   45..46   46..47   47..48   48..21   48..22   47..23   46..49   49..25   49..24   45..26   44..50   50..28   50..27   43..51   51..52   52..20   52..19   51..53   53..18   53..54   54..55   55..56   56..17   56..16   55..15   54..57   57..58   58..59   59..60   60..61   61..2    61..3    60..1    59..4    58..5    57..62   62..63   63..64   64..14   64..13   63..12   62..65   65..11   65..66   66..67   67..7    67..6    66..68   68..69   69..9    69..8    68..10   42..70   70..39   70..71   71..72   72..73   73..36   73..35   72..74   74..75   75..76   76..33   76..34   75..32   74..77   77..31   77..78   78..30   78..29   71..79   79..38   79..37 
 0.022478 0.068628 0.020437 0.000004 0.000004 0.000004 0.047481 0.015708 0.072993 0.094520 0.141742 0.036606 0.081662 0.197080 0.260697 0.000004 0.195752 0.163815 0.020561 0.000004 0.020899 0.108345 0.000004 0.067512 0.021221 0.020014 0.000004 0.063512 0.000004 0.000004 0.021746 0.000004 0.000004 0.000004 0.020419 0.000004 0.000004 0.000004 0.020489 0.000004 0.000004 0.000004 0.020299 0.000004 0.000004 0.000004 0.000004 0.000004 0.000004 0.000004 0.000004 0.000004 0.020421 0.000004 0.000004 0.000004 0.000004 0.021346 0.131610 0.000004 0.000004 0.019001 0.099459 0.023055 0.000004 0.020957 0.000004 0.000004 0.000004 0.000004 0.000004 0.020657 0.019406 0.065835 0.022615 0.042086 0.086328 0.022125 4.670907 3.232841

tree length =   2.43967

(loxodonta_africana, (((((((cavia_porcellus, chinchilla_lanigera), octodon_degus), (heterocephalus_glaber_male, fukomys_damarensis)), ictidomys_tridecemlineatus), (dipodomys_ordii, jaculus_jaculus)), ((propithecus_coquereli, otolemur_garnettii), (carlito_syrichta, (((saimiri_boliviensis_boliviensis, cebus_capucinus), aotus_nancymaae), (((((pan_paniscus, pan_troglodytes), homo_sapiens), gorilla_gorilla), nomascus_leucogenys), (((rhinopithecus_roxellana, rhinopithecus_bieti), colobus_angolensis_palliatus), (chlorocebus_sabaeus, ((mandrillus_leucophaeus, cercocebus_atys), ((macaca_mulatta, macaca_fascicularis), macaca_nemestrina))))))))), (sorex_araneus, (((sus_scrofa, equus_caballus), (((panthera_pardus, panthera_tigris_altaica), felis_catus), (canis_familiaris, (mustela_putorius_furo, ailuropoda_melanoleuca)))), (pteropus_vampyrus, myotis_lucifugus)))));

(loxodonta_africana: 0.022478, (((((((cavia_porcellus: 0.072993, chinchilla_lanigera: 0.094520): 0.015708, octodon_degus: 0.141742): 0.047481, (heterocephalus_glaber_male: 0.081662, fukomys_damarensis: 0.197080): 0.036606): 0.000004, ictidomys_tridecemlineatus: 0.260697): 0.000004, (dipodomys_ordii: 0.195752, jaculus_jaculus: 0.163815): 0.000004): 0.000004, ((propithecus_coquereli: 0.020899, otolemur_garnettii: 0.108345): 0.000004, (carlito_syrichta: 0.067512, (((saimiri_boliviensis_boliviensis: 0.063512, cebus_capucinus: 0.000004): 0.000004, aotus_nancymaae: 0.000004): 0.020014, (((((pan_paniscus: 0.000004, pan_troglodytes: 0.000004): 0.020419, homo_sapiens: 0.000004): 0.000004, gorilla_gorilla: 0.020489): 0.000004, nomascus_leucogenys: 0.000004): 0.000004, (((rhinopithecus_roxellana: 0.000004, rhinopithecus_bieti: 0.000004): 0.020299, colobus_angolensis_palliatus: 0.000004): 0.000004, (chlorocebus_sabaeus: 0.000004, ((mandrillus_leucophaeus: 0.000004, cercocebus_atys: 0.000004): 0.000004, ((macaca_mulatta: 0.000004, macaca_fascicularis: 0.000004): 0.000004, macaca_nemestrina: 0.000004): 0.020421): 0.000004): 0.000004): 0.000004): 0.021746): 0.021221): 0.000004): 0.020561): 0.020437, (sorex_araneus: 0.131610, (((sus_scrofa: 0.099459, equus_caballus: 0.023055): 0.019001, (((panthera_pardus: 0.000004, panthera_tigris_altaica: 0.000004): 0.000004, felis_catus: 0.000004): 0.020957, (canis_familiaris: 0.020657, (mustela_putorius_furo: 0.065835, ailuropoda_melanoleuca: 0.022615): 0.019406): 0.000004): 0.000004): 0.000004, (pteropus_vampyrus: 0.086328, myotis_lucifugus: 0.022125): 0.042086): 0.000004): 0.021346): 0.068628);

Detailed output identifying parameters

Parameters (kappa) in the rate matrix (HKY85) (Yang 1994 J Mol Evol 39:105-111):
  4.67091

alpha (gamma, K=5) =  3.23284
rate:   0.36805  0.65198  0.90116  1.20949  1.86931
freq:   0.20000  0.20000  0.20000  0.20000  0.20000

