
BASEML (in paml version 4.9h, March 2018)  ../../0_chopped_alignments/segment_11196_11705_224_274/alignment.fa  HKY85 dGamma (ncatG=5)
Frequencies..
                                    T      C      A      G
homo_sapiens                   0.34000 0.08000 0.38000 0.20000 GC = 0.280
pan_paniscus                   0.34000 0.08000 0.38000 0.20000 GC = 0.280
pan_troglodytes                0.34000 0.08000 0.38000 0.20000 GC = 0.280
gorilla_gorilla                0.34000 0.08000 0.38000 0.20000 GC = 0.280
nomascus_leucogenys            0.34000 0.10000 0.32000 0.24000 GC = 0.340
cercocebus_atys                0.34000 0.10000 0.34000 0.22000 GC = 0.320
mandrillus_leucophaeus         0.34000 0.10000 0.34000 0.22000 GC = 0.320
macaca_fascicularis            0.32000 0.10000 0.38000 0.20000 GC = 0.300
macaca_mulatta                 0.32000 0.10000 0.38000 0.20000 GC = 0.300
macaca_nemestrina              0.32000 0.10000 0.38000 0.20000 GC = 0.300
chlorocebus_sabaeus            0.32000 0.10000 0.38000 0.20000 GC = 0.300
colobus_angolensis_palliatus   0.32000 0.10000 0.38000 0.20000 GC = 0.300
rhinopithecus_bieti            0.32000 0.10000 0.38000 0.20000 GC = 0.300
rhinopithecus_roxellana        0.32000 0.10000 0.38000 0.20000 GC = 0.300
aotus_nancymaae                0.36000 0.08000 0.34000 0.22000 GC = 0.300
cebus_capucinus                0.36735 0.08163 0.34694 0.20408 GC = 0.286
saimiri_boliviensis_boliviensis 0.34694 0.10204 0.34694 0.20408 GC = 0.306
otolemur_garnettii             0.24000 0.14000 0.44000 0.18000 GC = 0.320
propithecus_coquereli          0.24000 0.20000 0.36000 0.20000 GC = 0.400
cavia_porcellus                0.32000 0.12000 0.34000 0.22000 GC = 0.340
chinchilla_lanigera            0.25000 0.14583 0.33333 0.27083 GC = 0.417
octodon_degus                  0.14583 0.27083 0.29167 0.29167 GC = 0.562
fukomys_damarensis             0.30612 0.18367 0.36735 0.14286 GC = 0.327
heterocephalus_glaber_male     0.34146 0.17073 0.31707 0.17073 GC = 0.341
ictidomys_tridecemlineatus     0.24490 0.18367 0.36735 0.20408 GC = 0.388
jaculus_jaculus                0.26000 0.14000 0.28000 0.32000 GC = 0.460
dipodomys_ordii                0.32000 0.04000 0.40000 0.24000 GC = 0.280
ailuropoda_melanoleuca         0.28000 0.12000 0.32000 0.28000 GC = 0.400
mustela_putorius_furo          0.28000 0.12000 0.34000 0.26000 GC = 0.380
canis_familiaris               0.26000 0.14000 0.34000 0.26000 GC = 0.400
felis_catus                    0.24000 0.16000 0.36000 0.24000 GC = 0.400
panthera_pardus                0.24000 0.16000 0.36000 0.24000 GC = 0.400
panthera_tigris_altaica        0.24000 0.16000 0.36000 0.24000 GC = 0.400
equus_caballus                 0.28000 0.14000 0.32000 0.26000 GC = 0.400
sus_scrofa                     0.26531 0.14286 0.32653 0.26531 GC = 0.408
myotis_lucifugus               0.36735 0.12245 0.30612 0.20408 GC = 0.327
pteropus_vampyrus              0.22000 0.22000 0.22000 0.34000 GC = 0.560
sorex_araneus                  0.24000 0.14000 0.28000 0.34000 GC = 0.480
loxodonta_africana             0.30612 0.14286 0.36735 0.18367 GC = 0.327

Homogeneity statistic: X2 = 1.41654 G = 1.40270 

Average                        0.29689 0.12642 0.34922 0.22746
(Ambiguity characters are used to calculate freqs.)


# constant sites:      2 (4.00%)
Distances:HKY85 (kappa)  (alpha set at 0.50)
This matrix is not used in later m.l. analysis.

(Pairwise deletion.)
homo_sapiens     
pan_paniscus       0.0000( 0.0000)
pan_troglodytes    0.0000( 0.0000)  0.0000( 0.0000)
gorilla_gorilla    0.0000( 0.0000)  0.0000( 0.0000)  0.0000( 0.0000)
nomascus_leucogenys    0.1066( 9.1213)  0.1066( 9.1213)  0.1066( 9.1213)  0.1066( 9.1213)
cercocebus_atys    0.1345(12.2728)  0.1345(12.2728)  0.1345(12.2728)  0.1345(12.2728)  0.1833( 6.8004)
mandrillus_leucophaeus    0.1345(12.2728)  0.1345(12.2728)  0.1345(12.2728)  0.1345(12.2728)  0.1833( 6.8004)  0.0000( 6.8004)
macaca_fascicularis    0.0806(999.0000)  0.0806(999.0000)  0.0806(999.0000)  0.0806(999.0000)  0.1750(16.0783)  0.0381( 1.7800)  0.0381( 1.7800)
macaca_mulatta     0.0806(999.0000)  0.0806(999.0000)  0.0806(999.0000)  0.0806(999.0000)  0.1750(16.0783)  0.0381( 1.7800)  0.0381( 1.7800)  0.0000( 1.7800)
macaca_nemestrina    0.0806(999.0000)  0.0806(999.0000)  0.0806(999.0000)  0.0806(999.0000)  0.1750(16.0783)  0.0381( 1.7800)  0.0381( 1.7800)  0.0000( 1.7800)  0.0000( 1.7800)
chlorocebus_sabaeus    0.0806(999.0000)  0.0806(999.0000)  0.0806(999.0000)  0.0806(999.0000)  0.1750(16.0783)  0.0381( 1.7800)  0.0381( 1.7800)  0.0000( 1.7800)  0.0000( 1.7800)  0.0000( 1.7800)
colobus_angolensis_palliatus    0.0806(999.0000)  0.0806(999.0000)  0.0806(999.0000)  0.0806(999.0000)  0.1750(16.0783)  0.0381( 1.7800)  0.0381( 1.7800)  0.0000( 1.7800)  0.0000( 1.7800)  0.0000( 1.7800)  0.0000( 1.7800)
rhinopithecus_bieti    0.0806(999.0000)  0.0806(999.0000)  0.0806(999.0000)  0.0806(999.0000)  0.1750(16.0783)  0.0381( 1.7800)  0.0381( 1.7800)  0.0000( 1.7800)  0.0000( 1.7800)  0.0000( 1.7800)  0.0000( 1.7800)  0.0000( 1.7800)
rhinopithecus_roxellana    0.0806(999.0000)  0.0806(999.0000)  0.0806(999.0000)  0.0806(999.0000)  0.1750(16.0783)  0.0381( 1.7800)  0.0381( 1.7800)  0.0000( 1.7800)  0.0000( 1.7800)  0.0000( 1.7800)  0.0000( 1.7800)  0.0000( 1.7800)  0.0000( 1.7800)
aotus_nancymaae    0.2282(22.9834)  0.2282(22.9834)  0.2282(22.9834)  0.2282(22.9834)  0.4065(18.2202)  0.1345( 4.5423)  0.1345( 4.5423)  0.0849( 6.8912)  0.0849( 6.8912)  0.0849( 6.8912)  0.0849( 6.8912)  0.0849( 6.8912)  0.0849( 6.8912)  0.0849( 6.8912)
cebus_capucinus    0.3484(36.8444)  0.3484(36.8444)  0.3484(36.8444)  0.3484(36.8444)  0.6819(32.2178)  0.1922( 7.3892)  0.1922( 7.3892)  0.1430(13.1012)  0.1430(13.1012)  0.1430(13.1012)  0.1430(13.1012)  0.1430(13.1012)  0.1430(13.1012)  0.1430(13.1012)  0.1157( 3.6080)
saimiri_boliviensis_boliviensis    0.3516(36.2295)  0.3516(36.2295)  0.3516(36.2295)  0.3516(36.2295)  0.6195(28.3547)  0.2049( 7.9358)  0.2049( 7.9358)  0.1481(13.5513)  0.1481(13.5513)  0.1481(13.5513)  0.1481(13.5513)  0.1481(13.5513)  0.1481(13.5513)  0.1481(13.5513)  0.0405(999.0000)  0.1887( 7.2055)
otolemur_garnettii    0.6153(27.2974)  0.6153(27.2974)  0.6153(27.2974)  0.6153(27.2974)  1.2520(33.9218)  0.5154(12.9243)  0.5154(12.9243)  0.4011(16.7741)  0.4011(16.7741)  0.4011(16.7741)  0.4011(16.7741)  0.4011(16.7741)  0.4011(16.7741)  0.4011(16.7741)  0.8292(22.4577)  1.3808(39.3843)  0.5329(13.5743)
propithecus_coquereli    2.3053(229.3978)  2.3053(229.3978)  2.3053(229.3978)  2.3053(229.3978)  6.2796(285.6522)  1.0444(46.2793)  1.0444(46.2793)  0.9250(89.6705)  0.9250(89.6705)  0.9250(89.6705)  0.9250(89.6705)  0.9250(89.6705)  0.9250(89.6705)  0.9250(89.6705)  2.6277(121.1898)  1.0910(49.2072)  1.0106(44.7964)  0.3513( 7.8490)
cavia_porcellus    0.7559(21.0686)  0.7559(21.0686)  0.7559(21.0686)  0.7559(21.0686)  1.4167(27.5036)  0.5057( 8.4878)  0.5057( 8.4878)  0.4050(10.0369)  0.4050(10.0369)  0.4050(10.0369)  0.4050(10.0369)  0.4050(10.0369)  0.4050(10.0369)  0.4050(10.0369)  0.8887(16.9475)  0.4454( 7.3299)  1.4232(27.9032)  0.4977( 5.2714)  0.3443( 4.7631)
chinchilla_lanigera    1.7543(44.3384)  1.7543(44.3384)  1.7543(44.3384)  1.7543(44.3384)  0.8628(13.6592)  0.9299(14.9712)  0.9299(14.9712)  0.7796(18.3018)  0.7796(18.3018)  0.7796(18.3018)  0.7796(18.3018)  0.7796(18.3018)  0.7796(18.3018)  0.7796(18.3018)  0.6451( 9.9172)  0.8858(14.3083)  0.6590(10.1045)  0.6402( 6.2087)  1.0437(16.4711)  0.4104( 5.4438)
octodon_degus      9.0000(999.0000)  9.0000(999.0000)  9.0000(999.0000)  9.0000(999.0000)  9.0000(999.0000)  9.0000(999.0000)  9.0000(999.0000)  9.0000(999.0000)  9.0000(999.0000)  9.0000(999.0000)  9.0000(999.0000)  9.0000(999.0000)  9.0000(999.0000)  9.0000(999.0000) 29.8318(999.0000)  9.0000(999.0000) 29.1713(999.0000) 15.9230(627.5026)  2.0303(175.1877)  7.3447(183.4151)  3.7601(89.1815)
fukomys_damarensis    0.6920(19.1615)  0.6920(19.1615)  0.6920(19.1615)  0.6920(19.1615)  0.8891(16.2301)  1.0374(19.5817)  1.0374(19.5817)  0.6079(16.2655)  0.6079(16.2655)  0.6079(16.2655)  0.6079(16.2655)  0.6079(16.2655)  0.6079(16.2655)  0.6079(16.2655)  0.7708(14.2234)  0.7999(14.8163)  1.0527(19.8588)  0.8988(11.5928)  1.1594(21.1894)  0.4635( 7.5012)  0.7123(11.2645)  4.5022(115.9336)
heterocephalus_glaber_male    0.9548(37.2290)  0.9548(37.2290)  0.9548(37.2290)  0.9548(37.2290)  1.2635(47.3022)  0.8155(17.4471)  0.8155(17.4471)  0.5049(17.8233)  0.5049(17.8233)  0.5049(17.8233)  0.5049(17.8233)  0.5049(17.8233)  0.5049(17.8233)  0.5049(17.8233)  0.5751(20.7844)  0.6055(12.8560)  0.8071(29.1745)  5.0635(83.0998)  1.4275(51.8041)  0.4638( 9.2251)  0.4050(12.7153)  3.1307(106.4627)  0.4173( 8.0203)
ictidomys_tridecemlineatus    0.6127(26.4873)  0.6127(26.4873)  0.6127(26.4873)  0.6127(26.4873)  0.4867(11.6143)  0.6114(15.3207)  0.6114(15.3207)  0.4367(18.0044)  0.4367(18.0044)  0.4367(18.0044)  0.4367(18.0044)  0.4367(18.0044)  0.4367(18.0044)  0.4367(18.0044)  0.7993(20.9903)  0.8881(23.6313)  1.1246(30.0472)  0.8300(14.0163)  0.7112(17.6291)  0.4197( 3.9778)  0.2984( 1.8054)  7.4079(293.5245)  0.5379( 5.6227)  0.6658( 8.3955)
jaculus_jaculus    2.9536( 8.4833)  2.9536( 8.4833)  2.9536( 8.4833)  2.9536( 8.4833)  4.0020( 9.5325)  6.0101(24.7050)  6.0101(24.7050)  2.9897( 8.4833)  2.9897( 8.4833)  2.9897( 8.4833)  2.9897( 8.4833)  2.9897( 8.4833)  2.9897( 8.4833)  2.9897( 8.4833) 10.6288(29.2140)  3.1115( 6.8180) 26.6637(73.1344)  4.2124( 6.8244)  4.3140( 9.9608)  6.7543(10.2784)  4.9829( 9.6391) 25.4168(73.0169)  9.0000(999.0000)  9.0000(999.0000)  6.7257(24.8685)
dipodomys_ordii    0.1069( 1.0198)  0.1069( 1.0198)  0.1069( 1.0198)  0.1069( 1.0198)  0.2289( 2.5601)  0.2577( 3.1944)  0.2577( 3.1944)  0.1922( 3.5434)  0.1922( 3.5434)  0.1922( 3.5434)  0.1922( 3.5434)  0.1922( 3.5434)  0.1922( 3.5434)  0.1922( 3.5434)  0.2704( 3.5502)  0.2180( 2.3998)  0.4374( 7.0016)  2.0332(26.8295)  4.1848(79.1029)  0.9488( 8.8522)  2.7821(24.7505)  9.0000(999.0000)  0.7023( 6.0532)  0.9325( 9.1948)  0.8102(20.2936)  4.4589( 9.7136)
ailuropoda_melanoleuca    0.3364( 7.5451)  0.3364( 7.5451)  0.3364( 7.5451)  0.3364( 7.5451)  0.5362( 8.5167)  0.3394( 4.6553)  0.3394( 4.6553)  0.2372( 4.6201)  0.2372( 4.6201)  0.2372( 4.6201)  0.2372( 4.6201)  0.2372( 4.6201)  0.2372( 4.6201)  0.2372( 4.6201)  0.3389( 4.7312)  0.4900( 7.7323)  0.4882( 7.5488)  0.4783( 4.5820)  0.5869( 9.0630)  0.2519( 9.3206)  0.5415( 7.3089)  4.6589(110.7600)  1.2441(22.2893)  0.9838(20.9409)  0.4118( 3.6212)  4.3598( 5.4031)  0.6266( 4.6559)
mustela_putorius_furo    0.2128(19.1001)  0.2128(19.1001)  0.2128(19.1001)  0.2128(19.1001)  0.3684(14.8142)  0.2005( 7.1692)  0.2005( 7.1692)  0.1317(10.8228)  0.1317(10.8228)  0.1317(10.8228)  0.1317(10.8228)  0.1317(10.8228)  0.1317(10.8228)  0.1317(10.8228)  0.2186( 8.1529)  0.3362(13.7042)  0.3315(13.2206)  0.5187(12.0284)  1.1368(47.8219)  0.5076( 7.9314)  0.9610(14.5042)  9.0000(999.0000)  0.8495(14.7203)  1.1046(23.3528)  0.4185( 9.2158)  6.2973(14.8728)  0.4329( 6.2212)  0.1938( 6.3525)
canis_familiaris    0.4094(38.0404)  0.4094(38.0404)  0.4094(38.0404)  0.4094(38.0404)  0.6479(27.2005)  0.4007(16.1596)  0.4007(16.1596)  0.2828(25.2365)  0.2828(25.2365)  0.2828(25.2365)  0.2828(25.2365)  0.2828(25.2365)  0.2828(25.2365)  0.2828(25.2365)  0.4056(16.6540)  0.5999(25.6731)  0.5871(24.6485)  0.2930( 5.8694)  0.6973(28.3516)  0.5154( 7.9701)  0.8353(12.2415) 64.1327(999.0000)  1.4262(25.8592)  1.1046(23.3528)  0.4781(10.7233)  6.4865(15.2190)  0.8040(13.0503)  0.1604( 4.8630)  0.2369(999.0000)
felis_catus        0.7050(17.9278)  0.7050(17.9278)  0.7050(17.9278)  0.7050(17.9278)  0.4883( 7.4423)  0.5539( 8.7977)  0.5539( 8.7977)  0.4357(10.1447)  0.4357(10.1447)  0.4357(10.1447)  0.4357(10.1447)  0.4357(10.1447)  0.4357(10.1447)  0.4357(10.1447)  0.7322(12.4739)  1.2758(23.2830)  1.1422(20.3048)  0.7489( 8.3671)  1.4172(24.8411)  0.5473( 3.9782)  0.6993( 4.7309) 17.0816(413.8460)  1.0849( 9.9897)  1.2841(12.5396)  0.2813( 1.8542)  6.9459(16.3281)  1.8212(17.1184)  0.1995( 1.7098)  0.2925(10.4811)  0.3330(12.0963)
panthera_pardus    0.7050(17.9278)  0.7050(17.9278)  0.7050(17.9278)  0.7050(17.9278)  0.4883( 7.4423)  0.5539( 8.7977)  0.5539( 8.7977)  0.4357(10.1447)  0.4357(10.1447)  0.4357(10.1447)  0.4357(10.1447)  0.4357(10.1447)  0.4357(10.1447)  0.4357(10.1447)  0.7322(12.4739)  1.2758(23.2830)  1.1422(20.3048)  0.7489( 8.3671)  1.4172(24.8411)  0.5473( 3.9782)  0.6993( 4.7309) 17.0816(413.8460)  1.0849( 9.9897)  1.2841(12.5396)  0.2813( 1.8542)  6.9459(16.3281)  1.8212(17.1184)  0.1995( 1.7098)  0.2925(10.4811)  0.3330(12.0963)  0.0000(12.0963)
panthera_tigris_altaica    0.7050(17.9278)  0.7050(17.9278)  0.7050(17.9278)  0.7050(17.9278)  0.4883( 7.4423)  0.5539( 8.7977)  0.5539( 8.7977)  0.4357(10.1447)  0.4357(10.1447)  0.4357(10.1447)  0.4357(10.1447)  0.4357(10.1447)  0.4357(10.1447)  0.4357(10.1447)  0.7322(12.4739)  1.2758(23.2830)  1.1422(20.3048)  0.7489( 8.3671)  1.4172(24.8411)  0.5473( 3.9782)  0.6993( 4.7309) 17.0816(413.8460)  1.0849( 9.9897)  1.2841(12.5396)  0.2813( 1.8542)  6.9459(16.3281)  1.8212(17.1184)  0.1995( 1.7098)  0.2925(10.4811)  0.3330(12.0963)  0.0000(12.0963)  0.0000(12.0963)
equus_caballus     0.2688(999.0000)  0.2688(999.0000)  0.2688(999.0000)  0.2688(999.0000)  0.5489(51.8121)  0.3536(32.8574)  0.3536(32.8574)  0.2422(999.0000)  0.2422(999.0000)  0.2422(999.0000)  0.2422(999.0000)  0.2422(999.0000)  0.2422(999.0000)  0.2422(999.0000)  0.3428(32.3451)  0.4961(47.8486)  0.4927(46.6338)  0.2541( 9.1407)  0.3977(35.3943)  0.3898( 8.9795)  0.3886( 7.7627)  4.4534(999.0000)  2.2586(61.9974)  4.3303(162.3615)  0.2101( 7.0991)  6.1599(18.9460)  0.6693(16.4551)  0.1420( 1.8436)  0.1668(13.5128)  0.1636(13.0701)  0.2629( 5.0406)  0.2629( 5.0406)  0.2629( 5.0406)
sus_scrofa         0.2871(999.0000)  0.2871(999.0000)  0.2871(999.0000)  0.2871(999.0000)  0.5004(44.7615)  0.2373(20.2937)  0.2373(20.2937)  0.1682(999.0000)  0.1682(999.0000)  0.1682(999.0000)  0.1682(999.0000)  0.1682(999.0000)  0.1682(999.0000)  0.1682(999.0000)  0.2977(26.4002)  0.4846(44.3856)  0.4569(41.0328)  0.2590( 8.8310)  0.3576(30.3022)  0.2068( 7.0706)  0.4055( 7.6832)  2.8994(999.0000)  0.7852(19.2735)  0.9021(30.5951)  0.2138( 6.8876)  6.1813(17.2729)  0.6433(14.6982)  0.0631( 0.6877)  0.1396(10.4006)  0.1052( 7.2918)  0.1443( 1.7543)  0.1443( 1.7543)  0.1443( 1.7543)  0.0369(999.0000)
myotis_lucifugus    0.6136(17.0234)  0.6136(17.0234)  0.6136(17.0234)  0.6136(17.0234)  1.1488(22.2403)  0.3919( 6.1319)  0.3919( 6.1319)  0.3166( 7.4638)  0.3166( 7.4638)  0.3166( 7.4638)  0.3166( 7.4638)  0.3166( 7.4638)  0.3166( 7.4638)  0.3166( 7.4638)  0.6839(12.7270)  0.4704(21.5625)  1.1039(21.3245)  0.3180( 2.6102)  0.2689( 3.2223)  0.1924( 0.7288)  0.5353( 5.0820) 20.7775(524.6560)  0.5522( 6.0903)  0.7826(10.4554)  0.3629( 3.1087)  3.1728( 3.7656)  0.8250( 7.6819)  0.2117( 0.9632)  0.3448( 4.7867)  0.2681( 3.1844)  0.4543( 2.9545)  0.4543( 2.9545)  0.4543( 2.9545)  0.1626( 2.5352)  0.1164( 1.0923)
pteropus_vampyrus    3.3326(309.8730)  3.3326(309.8730)  3.3326(309.8730)  3.3326(309.8730)  2.8031(121.4318)  2.1838(94.0836)  2.1838(94.0836)  2.8950(266.3165)  2.8950(266.3165)  2.8950(266.3165)  2.8950(266.3165)  2.8950(266.3165)  2.8950(266.3165)  2.8950(266.3165)  1.9746(85.7818)  3.2573(141.1127)  2.9612(126.6809) 35.6807(923.2702)  3.0192(127.3265)  1.6689(29.5972)  1.2734(19.8998) 12.3170(999.0000)  2.4947(44.8803) 52.6264(999.0000)  1.4547(35.8402)  9.0000(999.0000)  3.8442(67.9747)  1.3463(22.7908)  0.7500(29.7961)  1.6859(69.0019)  1.4906(25.1227)  1.4906(25.1227)  1.4906(25.1227)  0.6886(60.9605)  0.7013(59.6048)  1.4725(26.0833)
sorex_araneus      0.9318(38.5301)  0.9318(38.5301)  0.9318(38.5301)  0.9318(38.5301)  0.5850(13.8557)  0.9571(23.9710)  0.9571(23.9710)  0.8647(35.1209)  0.8647(35.1209)  0.8647(35.1209)  0.8647(35.1209)  0.8647(35.1209)  0.8647(35.1209)  0.8647(35.1209)  1.6976(44.7177)  4.4624(120.2234)  3.1355(82.5543)  1.3009(50.8296)  0.7028(16.3216)  0.8660( 9.9712)  0.9604( 9.7140) 16.1550(620.1859)  4.1959(55.9727)  4.1489(61.2010)  1.9852(33.0925)  3.1351( 8.1369)  2.4011(29.3637)  0.5662( 5.5284)  0.8617(20.0868)  0.8122(18.6487)  0.6754( 6.8495)  0.6754( 6.8495)  0.6754( 6.8495)  0.6135(23.6363)  0.3940(13.7021)  0.5536( 5.7964)  3.7073(94.8224)
loxodonta_africana    0.3544(14.8992)  0.3544(14.8992)  0.3544(14.8992)  0.3544(14.8992)  0.3858( 9.0420)  0.4365(10.6553)  0.4365(10.6553)  0.4568(19.5016)  0.4568(19.5016)  0.4568(19.5016)  0.4568(19.5016)  0.4568(19.5016)  0.4568(19.5016)  0.4568(19.5016)  0.8925(24.5488)  1.1952(33.8376)  1.3342(60.9031)  0.6001( 9.8464)  0.5363(13.0581)  0.8112(10.0923)  1.4051(16.2178) 13.0115(515.6349)  3.7829(55.3668) 10.7245(175.2850)  0.7184(30.3352) 30.4832(62.8476)  0.5623( 6.0767)  0.4392( 6.3686)  0.5483(22.5327)  0.3636(14.0497)  0.7342(11.9952)  0.7342(11.9952)  0.7342(11.9952)  0.4273(17.0986)  0.2834(10.0675)  0.4941( 5.2871)  1.3506(33.6892)  2.1805(37.5535)

TREE #  1:  (39, (((((((20, 21), 22), (24, 23)), 25), (27, 26)), ((19, 18), (((17, 16), 15), (((((2, 3), 1), 4), 5), (((14, 13), 12), (11, ((7, 6), ((9, 8), 10)))))))), (38, (((35, 34), (((32, 33), 31), (30, (29, 28)))), (37, 36)))));  MP score: -1.00
lnL(ntime: 76  np: 78):   -642.800212    +0.000000
  40..39   40..41   41..42   42..43   43..44   44..45   45..46   46..47   47..20   47..21   46..22   45..48   48..24   48..23   44..25   43..49   49..27   49..26   42..50   50..51   51..19   51..18   50..52   52..53   53..54   54..17   54..16   53..15   52..55   55..56   56..57   57..58   58..59   59..2    59..3    58..1    57..4    56..5    55..60   60..61   61..62   62..14   62..13   61..12   60..63   63..11   63..64   64..65   65..7    65..6    64..66   66..67   67..9    67..8    66..10   41..68   68..38   68..69   69..70   70..71   71..35   71..34   70..72   72..73   73..74   74..32   74..33   73..31   72..75   75..30   75..76   76..29   76..28   69..77   77..37   77..36 
 0.145832 0.026655 0.021798 0.021917 0.000004 0.053211 0.000004 0.000004 0.082810 0.118194 0.316368 0.025663 0.156898 0.188282 0.136024 0.022685 0.118441 0.733351 0.000004 0.018215 0.088718 0.115475 0.063422 0.065249 0.000004 0.021432 0.092756 0.000004 0.000004 0.043909 0.020660 0.000004 0.000004 0.000004 0.000004 0.000004 0.000004 0.067363 0.000004 0.000004 0.000004 0.000004 0.000004 0.000004 0.000004 0.000004 0.000004 0.042583 0.000004 0.000004 0.000004 0.000004 0.000004 0.000004 0.000004 0.018624 0.228490 0.000004 0.000004 0.000004 0.000004 0.040229 0.020295 0.107347 0.000004 0.000004 0.000004 0.000004 0.000004 0.061290 0.000004 0.040510 0.062777 0.000004 0.270233 0.090981 5.801951 999.000000

tree length =   3.74885

(loxodonta_africana, (((((((cavia_porcellus, chinchilla_lanigera), octodon_degus), (heterocephalus_glaber_male, fukomys_damarensis)), ictidomys_tridecemlineatus), (dipodomys_ordii, jaculus_jaculus)), ((propithecus_coquereli, otolemur_garnettii), (((saimiri_boliviensis_boliviensis, cebus_capucinus), aotus_nancymaae), (((((pan_paniscus, pan_troglodytes), homo_sapiens), gorilla_gorilla), nomascus_leucogenys), (((rhinopithecus_roxellana, rhinopithecus_bieti), colobus_angolensis_palliatus), (chlorocebus_sabaeus, ((mandrillus_leucophaeus, cercocebus_atys), ((macaca_mulatta, macaca_fascicularis), macaca_nemestrina)))))))), (sorex_araneus, (((sus_scrofa, equus_caballus), (((panthera_pardus, panthera_tigris_altaica), felis_catus), (canis_familiaris, (mustela_putorius_furo, ailuropoda_melanoleuca)))), (pteropus_vampyrus, myotis_lucifugus)))));

(loxodonta_africana: 0.145832, (((((((cavia_porcellus: 0.082810, chinchilla_lanigera: 0.118194): 0.000004, octodon_degus: 0.316368): 0.000004, (heterocephalus_glaber_male: 0.156898, fukomys_damarensis: 0.188282): 0.025663): 0.053211, ictidomys_tridecemlineatus: 0.136024): 0.000004, (dipodomys_ordii: 0.118441, jaculus_jaculus: 0.733351): 0.022685): 0.021917, ((propithecus_coquereli: 0.088718, otolemur_garnettii: 0.115475): 0.018215, (((saimiri_boliviensis_boliviensis: 0.021432, cebus_capucinus: 0.092756): 0.000004, aotus_nancymaae: 0.000004): 0.065249, (((((pan_paniscus: 0.000004, pan_troglodytes: 0.000004): 0.000004, homo_sapiens: 0.000004): 0.000004, gorilla_gorilla: 0.000004): 0.020660, nomascus_leucogenys: 0.067363): 0.043909, (((rhinopithecus_roxellana: 0.000004, rhinopithecus_bieti: 0.000004): 0.000004, colobus_angolensis_palliatus: 0.000004): 0.000004, (chlorocebus_sabaeus: 0.000004, ((mandrillus_leucophaeus: 0.000004, cercocebus_atys: 0.000004): 0.042583, ((macaca_mulatta: 0.000004, macaca_fascicularis: 0.000004): 0.000004, macaca_nemestrina: 0.000004): 0.000004): 0.000004): 0.000004): 0.000004): 0.000004): 0.063422): 0.000004): 0.021798, (sorex_araneus: 0.228490, (((sus_scrofa: 0.000004, equus_caballus: 0.040229): 0.000004, (((panthera_pardus: 0.000004, panthera_tigris_altaica: 0.000004): 0.000004, felis_catus: 0.000004): 0.107347, (canis_familiaris: 0.061290, (mustela_putorius_furo: 0.040510, ailuropoda_melanoleuca: 0.062777): 0.000004): 0.000004): 0.020295): 0.000004, (pteropus_vampyrus: 0.270233, myotis_lucifugus: 0.090981): 0.000004): 0.000004): 0.018624): 0.026655);

Detailed output identifying parameters

Parameters (kappa) in the rate matrix (HKY85) (Yang 1994 J Mol Evol 39:105-111):
  5.80195

alpha (gamma, K=5) = 999.00000
rate:   0.95611  0.98294  0.99967  1.01660  1.04468
freq:   0.20000  0.20000  0.20000  0.20000  0.20000

