
BASEML (in paml version 4.9h, March 2018)  ../../0_chopped_alignments/segment_11196_11705/alignment.fa  HKY85 dGamma (ncatG=5)
Frequencies..
                                    T      C      A      G
homo_sapiens                   0.32114 0.14024 0.30691 0.23171 GC = 0.372
pan_paniscus                   0.32179 0.14460 0.30550 0.22811 GC = 0.373
pan_troglodytes                0.31976 0.14664 0.30550 0.22811 GC = 0.375
gorilla_gorilla                0.31846 0.13996 0.31034 0.23124 GC = 0.371
nomascus_leucogenys            0.32008 0.14226 0.30126 0.23640 GC = 0.379
cercocebus_atys                0.32449 0.14694 0.30000 0.22857 GC = 0.376
mandrillus_leucophaeus         0.32172 0.14754 0.29918 0.23156 GC = 0.379
macaca_fascicularis            0.32245 0.14490 0.30408 0.22857 GC = 0.373
macaca_mulatta                 0.32245 0.14490 0.30204 0.23061 GC = 0.376
macaca_nemestrina              0.32245 0.14490 0.30408 0.22857 GC = 0.373
chlorocebus_sabaeus            0.32653 0.14286 0.31020 0.22041 GC = 0.363
colobus_angolensis_palliatus   0.32653 0.13878 0.30408 0.23061 GC = 0.369
rhinopithecus_bieti            0.32653 0.14490 0.30408 0.22449 GC = 0.369
rhinopithecus_roxellana        0.32653 0.14490 0.30204 0.22653 GC = 0.371
aotus_nancymaae                0.31697 0.15951 0.28834 0.23517 GC = 0.395
cebus_capucinus                0.31185 0.16216 0.29730 0.22869 GC = 0.391
saimiri_boliviensis_boliviensis 0.32311 0.15746 0.29243 0.22699 GC = 0.384
otolemur_garnettii             0.29956 0.16079 0.29515 0.24449 GC = 0.405
propithecus_coquereli          0.28634 0.17621 0.29736 0.24009 GC = 0.416
cavia_porcellus                0.29530 0.14765 0.33557 0.22148 GC = 0.369
chinchilla_lanigera            0.29556 0.16222 0.31778 0.22444 GC = 0.387
octodon_degus                  0.31011 0.15506 0.28764 0.24719 GC = 0.402
fukomys_damarensis             0.29438 0.16854 0.31461 0.22247 GC = 0.391
heterocephalus_glaber_male     0.30942 0.15247 0.31839 0.21973 GC = 0.372
ictidomys_tridecemlineatus     0.29589 0.15616 0.32603 0.22192 GC = 0.378
jaculus_jaculus                0.26190 0.16667 0.27381 0.29762 GC = 0.464
dipodomys_ordii                0.32941 0.14588 0.27765 0.24706 GC = 0.393
ailuropoda_melanoleuca         0.29452 0.17352 0.28539 0.24658 GC = 0.420
mustela_putorius_furo          0.29596 0.16368 0.29821 0.24215 GC = 0.406
canis_familiaris               0.29654 0.16234 0.28571 0.25541 GC = 0.418
felis_catus                    0.30152 0.17354 0.27549 0.24946 GC = 0.423
panthera_pardus                0.29515 0.17621 0.27533 0.25330 GC = 0.430
panthera_tigris_altaica        0.29515 0.17401 0.27753 0.25330 GC = 0.427
equus_caballus                 0.29590 0.17063 0.28942 0.24406 GC = 0.415
sus_scrofa                     0.29605 0.18421 0.29386 0.22588 GC = 0.410
myotis_lucifugus               0.31347 0.16556 0.28698 0.23400 GC = 0.400
pteropus_vampyrus              0.26049 0.19426 0.26932 0.27594 GC = 0.470
sorex_araneus                  0.29687 0.14688 0.29687 0.25937 GC = 0.406
loxodonta_africana             0.30684 0.16777 0.29139 0.23400 GC = 0.402

Homogeneity statistic: X2 = 0.14938 G = 0.14785 

Average                        0.30879 0.15701 0.29790 0.23630
(Ambiguity characters are used to calculate freqs.)


# constant sites:     24 (4.71%)
Distances:HKY85 (kappa)  (alpha set at 0.50)
This matrix is not used in later m.l. analysis.

(Pairwise deletion.)
homo_sapiens     
pan_paniscus       0.0176( 7.0080)
pan_troglodytes    0.0148( 5.5290)  0.0026(999.0000)
gorilla_gorilla    0.0247( 6.3609)  0.0198( 4.6692)  0.0170( 3.6797)
nomascus_leucogenys    0.0426( 8.4459)  0.0438( 8.7407)  0.0403( 7.8653)  0.0486( 7.4495)
cercocebus_atys    0.0501( 6.2972)  0.0467( 5.7214)  0.0434( 5.1670)  0.0500( 8.0198)  0.0431( 3.8691)
mandrillus_leucophaeus    0.0595( 9.8860)  0.0565( 9.2796)  0.0527( 8.5062)  0.0605(13.2280)  0.0453( 5.2410)  0.0125(999.0000)
macaca_fascicularis    0.0454( 9.4663)  0.0421( 8.6222)  0.0388( 7.7825)  0.0454(13.4225)  0.0451( 5.2466)  0.0077( 1.8397)  0.0205( 8.4147)
macaca_mulatta     0.0476(10.0324)  0.0442( 9.1540)  0.0409( 8.3143)  0.0475(14.1386)  0.0474( 5.6221)  0.0095( 2.7932)  0.0224( 9.3810)  0.0017(999.0000)
macaca_nemestrina    0.0454( 9.4663)  0.0421( 8.6222)  0.0388( 7.7825)  0.0454(13.4225)  0.0451( 5.2466)  0.0077( 1.8397)  0.0205( 8.4147)  0.0000( 8.4147)  0.0017(999.0000)
chlorocebus_sabaeus    0.0510( 8.2786)  0.0477( 7.6044)  0.0443( 6.9052)  0.0533(11.5530)  0.0509( 4.9760)  0.0143( 2.7692)  0.0276( 7.2976)  0.0100( 8.3193)  0.0119(10.2728)  0.0100( 8.3193)
colobus_angolensis_palliatus    0.0511( 8.2877)  0.0480( 7.6413)  0.0445( 6.9301)  0.0445( 9.2690)  0.0543( 5.4516)  0.0245( 6.3077)  0.0290( 7.7611)  0.0202(19.0026)  0.0221(20.9755)  0.0202(19.0026)  0.0273(12.1033)
rhinopithecus_bieti    0.0534( 6.8719)  0.0435( 5.1971)  0.0466( 5.7269)  0.0402( 6.0510)  0.0567( 4.7490)  0.0296( 5.4491)  0.0408( 8.2568)  0.0252(10.9570)  0.0271(11.9579)  0.0252(10.9570)  0.0324( 9.0601)  0.0208( 5.0425)
rhinopithecus_roxellana    0.0511( 6.4920)  0.0414( 4.8423)  0.0446( 5.3722)  0.0381( 5.6202)  0.0544( 4.4661)  0.0277( 4.9529)  0.0390( 7.7778)  0.0233( 9.9713)  0.0252(10.9481)  0.0233( 9.9713)  0.0304( 8.3796)  0.0190( 4.4211)  0.0017(999.0000)
aotus_nancymaae    0.1444(11.9647)  0.1488(10.9697)  0.1437(10.5065)  0.1618(13.6253)  0.1640( 9.5774)  0.1438( 8.4530)  0.1428( 9.2645)  0.1344( 9.7075)  0.1378( 9.9985)  0.1344( 9.7075)  0.1422( 9.3179)  0.1509( 9.9964)  0.1516( 9.0429)  0.1516( 9.0379)
cebus_capucinus    0.1263( 7.8048)  0.1305( 8.1347)  0.1259( 7.7574)  0.1425(10.1702)  0.1497( 7.5345)  0.1376( 7.0351)  0.1410( 8.0073)  0.1281( 7.9517)  0.1315( 8.2128)  0.1281( 7.9517)  0.1324( 7.4544)  0.1407( 8.9707)  0.1432( 7.4160)  0.1432( 7.4106)  0.0541( 8.4734)
saimiri_boliviensis_boliviensis    0.1440( 7.6934)  0.1449( 7.7598)  0.1402( 7.4240)  0.1575( 9.5127)  0.1539( 6.6642)  0.1410( 6.1780)  0.1395( 6.6534)  0.1315( 6.8395)  0.1349( 7.0667)  0.1315( 6.8395)  0.1390( 6.6949)  0.1472( 7.2031)  0.1511( 6.7953)  0.1511( 6.7906)  0.0453( 6.9624)  0.0510( 6.1887)
otolemur_garnettii    0.4850( 8.8515)  0.4888( 8.9458)  0.4725( 8.5647)  0.4544( 8.5654)  0.5281( 9.3670)  0.4860( 7.7328)  0.4885( 8.0627)  0.4582( 7.8680)  0.4582( 7.8621)  0.4582( 7.8680)  0.4715( 7.8202)  0.4983( 8.3657)  0.4796( 7.6352)  0.4796( 7.6288)  0.5956( 9.4075)  0.5314( 6.9447)  0.5173( 6.3999)
propithecus_coquereli    0.3085( 9.2041)  0.3258( 9.8601)  0.3161( 9.4908)  0.3158(10.1239)  0.3573(11.2461)  0.3428( 8.7177)  0.3621( 9.7860)  0.3330( 9.4900)  0.3396( 9.7118)  0.3330( 9.4900)  0.3469(10.6619)  0.3487( 9.4529)  0.3531( 9.0777)  0.3464( 8.8615)  0.4416( 9.9388)  0.3554( 6.2669)  0.3955( 6.7487)  0.2910( 4.8525)
cavia_porcellus    0.5452( 5.9161)  0.6030( 6.7767)  0.5849( 6.5002)  0.6034( 7.0486)  0.6324( 6.7825)  0.5875( 5.8069)  0.5735( 5.7838)  0.5724( 6.0757)  0.5831( 6.2229)  0.5724( 6.0757)  0.5610( 5.7047)  0.5835( 5.9968)  0.6549( 7.2864)  0.6649( 7.4242)  0.7157( 6.8745)  0.6057( 5.0826)  0.6823( 5.8035)  0.9482( 6.6727)  0.6469( 6.6128)
chinchilla_lanigera    0.5409( 6.7769)  0.5792( 7.4134)  0.5598( 7.0835)  0.5738( 7.6273)  0.5451( 6.4730)  0.5885( 6.6958)  0.5772( 6.7255)  0.5753( 7.0493)  0.5842( 7.1845)  0.5753( 7.0493)  0.5856( 7.5537)  0.5995( 7.1598)  0.5928( 7.3663)  0.5840( 7.2207)  0.7400( 7.8905)  0.6536( 6.7658)  0.6859( 6.4468)  0.8064( 6.6853)  0.5564( 6.7694)  0.3798( 6.0780)
octodon_degus      0.8599(10.1496)  0.9290(11.1421)  0.8848(10.4954)  0.8854(10.9070)  0.8743( 9.7997)  0.8140( 8.5095)  0.8606( 9.3532)  0.7978( 8.9291)  0.8095( 9.0862)  0.7978( 8.9291)  0.7944( 9.2639)  0.8988( 9.9854)  0.9256(10.7531)  0.9141(10.5876)  1.0065( 9.8087)  1.0368( 9.4843)  1.0066( 8.9163)  1.2570( 9.3637)  0.8127( 9.1347)  0.5578(10.1812)  0.3384( 8.8167)
fukomys_damarensis    0.4998( 7.8042)  0.5359( 8.5287)  0.5183( 8.1679)  0.5305( 8.8001)  0.5263( 7.8935)  0.4849( 7.1820)  0.4990( 7.7211)  0.4721( 7.6085)  0.4811( 7.7878)  0.4721( 7.6085)  0.4624( 7.1038)  0.5393( 8.6139)  0.5256( 8.7562)  0.5341( 8.9245)  0.5336( 6.4260)  0.4814( 5.1778)  0.5158( 5.4469)  0.7389( 7.2777)  0.5957( 7.5473)  0.3721( 5.5062)  0.4081( 7.5215)  0.5901( 8.7831)
heterocephalus_glaber_male    0.4415( 7.1011)  0.4801( 7.2165)  0.4643( 6.8971)  0.4752( 7.4474)  0.4230( 6.0507)  0.4016( 4.9176)  0.4279( 5.5734)  0.3904( 5.2010)  0.3975( 5.3301)  0.3904( 5.2010)  0.3832( 4.8475)  0.4610( 6.2511)  0.4641( 6.6211)  0.4564( 6.4706)  0.5686( 7.4111)  0.5221( 5.6554)  0.5418( 5.9176)  0.6471( 5.7609)  0.5128( 7.2056)  0.4467( 7.8823)  0.3150( 7.2192)  0.4505( 8.4827)  0.2402( 4.3079)
ictidomys_tridecemlineatus    0.4750( 7.1838)  0.4987( 7.6595)  0.4802( 7.2822)  0.4918( 7.9439)  0.5158( 7.5421)  0.5319( 7.4766)  0.5005( 7.2144)  0.5230( 7.7092)  0.5230( 7.7092)  0.5230( 7.7092)  0.5330( 7.5227)  0.5951( 8.6315)  0.5670( 8.5989)  0.5668( 8.5844)  0.6021( 7.3823)  0.5910( 6.5731)  0.6546( 7.1535)  0.9055( 8.2962)  0.6394( 8.0692)  0.7050( 5.0410)  0.7074( 5.9817)  1.0392( 9.0444)  0.5866( 6.7107)  0.7075( 6.5461)
jaculus_jaculus    1.2054( 7.8133)  1.2231( 8.0357)  1.1554( 7.4625)  1.1312( 7.6807)  1.2897( 9.0706)  1.2592( 9.2892)  1.2592( 9.2892)  1.1816( 8.0782)  1.1816( 8.0782)  1.1816( 8.0782)  1.2581( 8.2883)  1.1558( 7.3933)  1.2746( 9.4781)  1.2746( 9.4781)  1.6516( 9.7150)  1.4897( 7.4479)  1.5205( 7.9563)  1.4900( 5.3046)  1.2681( 7.7800)  2.6692(11.8790)  2.0920( 8.7057)  3.7428(17.2400)  1.6563( 7.7161)  1.7276( 8.0362)  1.7412(12.2092)
dipodomys_ordii    0.4400( 5.6490)  0.4408( 5.6645)  0.4297( 5.4576)  0.4342( 5.8224)  0.4099( 5.0698)  0.5176( 6.1276)  0.5252( 6.4623)  0.5030( 6.4550)  0.5134( 6.6305)  0.5030( 6.4550)  0.5119( 6.3442)  0.5239( 6.5391)  0.5395( 7.1178)  0.5279( 6.9146)  0.6595( 7.2887)  0.5523( 5.3028)  0.6081( 5.8240)  0.8572( 6.5547)  0.5651( 5.7536)  1.1899( 9.8507)  0.8283( 8.1118)  1.3562(12.0171)  1.0420(11.7280)  0.8758(10.0582)  0.7009( 8.8487)  1.2522( 6.6673)
ailuropoda_melanoleuca    0.3455( 7.4600)  0.3466( 7.9569)  0.3368( 7.6615)  0.3465( 7.9445)  0.3236( 6.9351)  0.3745( 7.0106)  0.3457( 6.6037)  0.3562( 7.3293)  0.3634( 7.5153)  0.3562( 7.3293)  0.3874( 7.7559)  0.3629( 7.1088)  0.3680( 6.8797)  0.3607( 6.6980)  0.4295( 6.4007)  0.3688( 5.3470)  0.3985( 5.0221)  0.4771( 4.9752)  0.3440( 5.4809)  0.7278( 7.2024)  0.5574( 5.6098)  0.8866( 7.1218)  0.6852( 8.1438)  0.4713( 5.5400)  0.6696( 6.0550)  1.2319( 4.2189)  0.5891( 5.0114)
mustela_putorius_furo    0.4785( 9.8243)  0.4974(10.3066)  0.4811( 9.8840)  0.4923(10.6928)  0.4580( 9.3588)  0.5229( 9.4788)  0.5119( 9.5916)  0.5026( 9.9311)  0.5107(10.1191)  0.5026( 9.9311)  0.5440(10.4621)  0.5317(10.1565)  0.5170( 9.3895)  0.5088( 9.2011)  0.6607(10.8463)  0.5585( 9.9279)  0.5871( 9.0719)  0.5956( 6.1634)  0.5119( 8.0875)  1.2813(11.1621)  0.7706( 7.3393)  1.1838( 9.5823)  0.9951(10.5696)  0.6575( 7.2124)  0.8194( 7.0351)  1.5538( 5.6438)  0.7342( 6.5200)  0.1298( 5.4488)
canis_familiaris    0.5229(10.6650)  0.5431(11.1690)  0.5253(10.7188)  0.5379(11.5748)  0.4623( 9.6811)  0.5533( 9.9447)  0.5417(10.0510)  0.5320(10.3894)  0.5407(10.5880)  0.5320(10.3894)  0.5753(10.9416)  0.5797(11.0190)  0.5657(10.2537)  0.5560(10.0377)  0.6497( 9.6191)  0.5919( 8.7504)  0.5790( 7.4152)  0.5725( 5.6016)  0.5361( 8.4773)  0.9639( 7.8851)  0.7861( 8.0481)  0.9918( 9.4565)  0.8643( 9.5220)  0.6052( 5.9240)  0.7458( 7.4300)  1.3571( 6.1212)  0.7400( 6.5444)  0.1496( 4.9251)  0.2108( 6.3033)
felis_catus        0.4739( 9.9865)  0.4921(10.4553)  0.4761(10.0329)  0.4872(10.8524)  0.4184( 8.1704)  0.4584( 8.2891)  0.4484( 8.3842)  0.4401( 8.6818)  0.4473( 8.8523)  0.4401( 8.6818)  0.4492( 8.5108)  0.5090( 9.9079)  0.4958( 9.1727)  0.4881( 8.9913)  0.5823( 8.7972)  0.5211( 7.8199)  0.5600( 7.4262)  0.6271( 7.4516)  0.4482( 7.1072)  0.9236( 7.2507)  0.6755( 6.4036)  0.9631( 7.4571)  0.8054( 9.8218)  0.5143( 4.5399)  0.6094( 5.4540)  1.2919( 6.9483)  0.7639( 7.1309)  0.1709( 4.2156)  0.2157( 5.2367)  0.2485( 5.1214)
panthera_pardus    0.4728(10.9863)  0.4909(11.4920)  0.4746(11.0277)  0.4861(11.9582)  0.4171( 9.0188)  0.4564( 9.0580)  0.4466( 9.1872)  0.4385( 9.5321)  0.4455( 9.7136)  0.4385( 9.5321)  0.4470( 9.3106)  0.5078(10.8455)  0.4942(10.0166)  0.4865( 9.8250)  0.5895( 9.7061)  0.5274( 8.6643)  0.5668( 8.1798)  0.6592( 7.8721)  0.4688( 8.1954)  0.9367( 7.9114)  0.6719( 6.8478)  0.9638( 7.9733)  0.8177(10.7700)  0.5111( 4.8879)  0.6627( 6.3920)  1.3184( 7.1043)  0.8373( 8.6095)  0.1756( 5.1558)  0.2426( 7.0564)  0.2303( 5.1162)  0.0226( 8.3371)
panthera_tigris_altaica    0.4739(10.4680)  0.4922(10.9608)  0.4765(10.5284)  0.4873(11.3862)  0.4183( 8.5799)  0.4591( 8.6897)  0.4489( 8.7946)  0.4406( 9.1120)  0.4479( 9.2933)  0.4406( 9.1120)  0.4501( 8.9357)  0.5090(10.3615)  0.4963( 9.5996)  0.4883( 9.4072)  0.5895( 9.2971)  0.5293( 8.3193)  0.5704( 7.9052)  0.6486( 8.0256)  0.4566( 7.5575)  0.9228( 7.4851)  0.6539( 6.3575)  0.9605( 7.6699)  0.8288(10.5330)  0.5150( 4.7342)  0.6396( 6.1066)  1.3184( 7.1043)  0.8164( 8.3556)  0.1771( 4.8038)  0.2432( 6.5971)  0.2323( 4.8470)  0.0241( 5.2784)  0.0068( 4.2450)
equus_caballus     0.3691( 8.6809)  0.3840( 9.1237)  0.3724( 8.7724)  0.3795( 9.4975)  0.3378( 8.8438)  0.3888( 7.8951)  0.3990( 8.5141)  0.3709( 8.2702)  0.3780( 8.4635)  0.3709( 8.2702)  0.3825( 8.1812)  0.3993( 8.6188)  0.4031( 8.2962)  0.3959( 8.1056)  0.4751( 7.8640)  0.4314( 6.4274)  0.4438( 6.3132)  0.4611( 6.2190)  0.3651( 7.4539)  0.7993( 8.1975)  0.5825( 7.0365)  0.9359( 9.9290)  0.6211( 7.8006)  0.5166( 6.2416)  0.6335( 8.1922)  1.2920( 8.4976)  0.6601( 7.5678)  0.2307( 2.8465)  0.2919( 3.8369)  0.3211( 4.4235)  0.2868( 3.5373)  0.2877( 4.3395)  0.2981( 4.3262)
sus_scrofa         0.6980(11.3923)  0.7306(12.0322)  0.7138(11.6904)  0.7202(12.3234)  0.5916( 8.9250)  0.7152(10.3839)  0.6928(10.3015)  0.6776(10.5534)  0.6941(10.8541)  0.6776(10.5534)  0.7412(11.3234)  0.7027(10.6046)  0.7179(10.4739)  0.7172(10.4536)  0.7667(10.7245)  0.6730( 7.8689)  0.7714( 8.9703)  0.7655( 8.6786)  0.6146( 8.7136)  0.9985( 7.8963)  0.8986(12.1829)  1.1227(10.6689)  1.0872(11.1693)  0.9522( 9.6830)  0.9190( 8.7385)  1.4149( 6.7886)  0.7902( 6.7486)  0.4473( 5.7169)  0.5002( 5.7214)  0.5351( 6.2857)  0.5538( 6.3211)  0.5738( 7.3870)  0.5582( 6.8358)  0.4708( 6.9882)
myotis_lucifugus    0.3668( 9.1046)  0.3815( 9.5586)  0.3693( 9.1699)  0.3713( 9.7845)  0.3851(10.4028)  0.3629( 7.6128)  0.3753( 8.3074)  0.3471( 8.0294)  0.3532( 8.2019)  0.3471( 8.0294)  0.3754( 9.4096)  0.3889( 8.7880)  0.3734( 7.9272)  0.3734( 7.9221)  0.4034( 8.1479)  0.3519( 7.0139)  0.3944( 6.8414)  0.4018( 4.6457)  0.3192( 6.9513)  0.6053( 6.1780)  0.6461( 7.3815)  0.9627(10.2404)  0.5660( 6.3271)  0.4919( 5.5679)  0.6633( 7.1460)  1.4677( 5.6021)  0.7549( 7.0495)  0.2060( 2.6799)  0.3104( 4.0155)  0.2940( 4.2177)  0.3290( 4.7313)  0.3104( 4.8326)  0.3146( 4.6664)  0.2424( 4.3099)  0.4384( 6.8865)
pteropus_vampyrus    0.6877(12.5035)  0.6906(12.5772)  0.6704(12.1353)  0.7084(13.5216)  0.6497(11.1725)  0.6309( 9.9385)  0.6160( 9.9867)  0.6274(10.7461)  0.6401(11.0002)  0.6274(10.7461)  0.6801(11.3652)  0.7002(11.7550)  0.6901(11.1082)  0.6759(10.8336)  0.6851( 9.6061)  0.6878( 8.9965)  0.7466( 9.5344)  0.7788( 8.4379)  0.6123(10.5957)  1.1781(10.4953)  1.0037( 9.5352)  1.3612(11.7477)  0.9934(10.3324)  0.8177( 8.8243)  1.0244(10.1610)  1.6752( 8.5214)  1.2164(11.3927)  0.3900( 6.0022)  0.5354( 6.7591)  0.5792( 8.0240)  0.5628( 8.8606)  0.5605( 9.6229)  0.5797( 9.5801)  0.4290( 8.9313)  0.7235(11.7931)  0.3456( 7.1727)
sorex_araneus      0.4416( 7.3573)  0.4287( 7.1107)  0.4143( 6.7874)  0.4054( 7.0670)  0.3852( 5.7490)  0.4015( 6.5100)  0.4013( 6.5016)  0.3931( 6.7854)  0.3931( 6.7854)  0.3931( 6.7854)  0.4148( 6.8088)  0.4164( 6.8195)  0.4167( 6.4120)  0.4167( 6.4120)  0.4645( 5.9648)  0.5195( 6.1818)  0.4840( 5.2751)  0.6600( 6.2179)  0.4771( 6.1093)  0.6749( 5.1012)  0.6880( 4.5597)  0.9350( 7.2696)  0.8372( 6.3980)  0.8170( 6.0726)  0.9005( 7.8688)  1.9810( 9.2948)  0.7571( 6.7804)  0.4049( 5.1755)  0.4957( 6.1573)  0.5362( 7.5632)  0.4187( 6.7054)  0.4207( 7.2314)  0.4207( 7.2314)  0.4977( 6.5491)  0.8294(10.7098)  0.4310( 5.7668)  0.8984(13.7117)
loxodonta_africana    0.5234(13.1085)  0.5198(14.4760)  0.5330(14.8752)  0.5375(14.2799)  0.4886(11.5326)  0.6031(13.2786)  0.5573(12.6035)  0.6119(14.8747)  0.6238(15.1960)  0.6119(14.8747)  0.6399(14.9731)  0.6435(15.0443)  0.5977(13.1975)  0.5853(12.8712)  0.6774(13.0780)  0.5840(10.7054)  0.6283(11.0231)  0.8136(10.1976)  0.6038(10.1968)  1.1663(11.8982)  0.8666(10.1626)  1.3596(14.4199)  1.0760(14.8242)  1.0708(13.9716)  0.9368(11.9035)  2.0765(10.4806)  0.8057( 7.2978)  0.4960( 8.3516)  0.7065(10.1964)  0.6005( 8.9662)  0.7171(11.1458)  0.7117(11.9727)  0.7067(11.3883)  0.6062(10.0044)  0.8130(11.0270)  0.5784( 9.8518)  0.8720(12.6094)  0.9569(12.7652)

TREE #  1:  (39, (((((((20, 21), 22), (24, 23)), 25), (27, 26)), ((19, 18), (((17, 16), 15), (((((2, 3), 1), 4), 5), (((14, 13), 12), (11, ((7, 6), ((9, 8), 10)))))))), (38, (((35, 34), (((32, 33), 31), (30, (29, 28)))), (37, 36)))));  MP score: -1.00
lnL(ntime: 76  np: 78):  -6119.189018    +0.000000
  40..39   40..41   41..42   42..43   43..44   44..45   45..46   46..47   47..20   47..21   46..22   45..48   48..24   48..23   44..25   43..49   49..27   49..26   42..50   50..51   51..19   51..18   50..52   52..53   53..54   54..17   54..16   53..15   52..55   55..56   56..57   57..58   58..59   59..2    59..3    58..1    57..4    56..5    55..60   60..61   61..62   62..14   62..13   61..12   60..63   63..11   63..64   64..65   65..7    65..6    64..66   66..67   67..9    67..8    66..10   41..68   68..38   68..69   69..70   70..71   71..35   71..34   70..72   72..73   73..74   74..32   74..33   73..31   72..75   75..30   75..76   76..29   76..28   69..77   77..37   77..36 
 0.086920 0.116959 0.024548 0.016432 0.007350 0.092962 0.020432 0.000004 0.145383 0.102678 0.156265 0.012175 0.084008 0.116384 0.225949 0.022552 0.202364 0.503311 0.000647 0.035300 0.074053 0.144329 0.082352 0.062130 0.003237 0.020176 0.027223 0.021661 0.013653 0.005538 0.010267 0.000004 0.004542 0.002057 0.000004 0.009931 0.012979 0.021623 0.012837 0.004839 0.009678 0.000004 0.002064 0.008245 0.004357 0.008320 0.000004 0.006222 0.010399 0.000004 0.002063 0.000004 0.002062 0.000004 0.000004 0.010073 0.214665 0.015160 0.000004 0.000004 0.209317 0.098648 0.047751 0.081083 0.007254 0.002173 0.004442 0.010661 0.011442 0.084002 0.008894 0.070183 0.035388 0.026093 0.166241 0.078653 5.015881 3.963900

tree length =   3.74163

(loxodonta_africana, (((((((cavia_porcellus, chinchilla_lanigera), octodon_degus), (heterocephalus_glaber_male, fukomys_damarensis)), ictidomys_tridecemlineatus), (dipodomys_ordii, jaculus_jaculus)), ((propithecus_coquereli, otolemur_garnettii), (((saimiri_boliviensis_boliviensis, cebus_capucinus), aotus_nancymaae), (((((pan_paniscus, pan_troglodytes), homo_sapiens), gorilla_gorilla), nomascus_leucogenys), (((rhinopithecus_roxellana, rhinopithecus_bieti), colobus_angolensis_palliatus), (chlorocebus_sabaeus, ((mandrillus_leucophaeus, cercocebus_atys), ((macaca_mulatta, macaca_fascicularis), macaca_nemestrina)))))))), (sorex_araneus, (((sus_scrofa, equus_caballus), (((panthera_pardus, panthera_tigris_altaica), felis_catus), (canis_familiaris, (mustela_putorius_furo, ailuropoda_melanoleuca)))), (pteropus_vampyrus, myotis_lucifugus)))));

(loxodonta_africana: 0.086920, (((((((cavia_porcellus: 0.145383, chinchilla_lanigera: 0.102678): 0.000004, octodon_degus: 0.156265): 0.020432, (heterocephalus_glaber_male: 0.084008, fukomys_damarensis: 0.116384): 0.012175): 0.092962, ictidomys_tridecemlineatus: 0.225949): 0.007350, (dipodomys_ordii: 0.202364, jaculus_jaculus: 0.503311): 0.022552): 0.016432, ((propithecus_coquereli: 0.074053, otolemur_garnettii: 0.144329): 0.035300, (((saimiri_boliviensis_boliviensis: 0.020176, cebus_capucinus: 0.027223): 0.003237, aotus_nancymaae: 0.021661): 0.062130, (((((pan_paniscus: 0.002057, pan_troglodytes: 0.000004): 0.004542, homo_sapiens: 0.009931): 0.000004, gorilla_gorilla: 0.012979): 0.010267, nomascus_leucogenys: 0.021623): 0.005538, (((rhinopithecus_roxellana: 0.000004, rhinopithecus_bieti: 0.002064): 0.009678, colobus_angolensis_palliatus: 0.008245): 0.004839, (chlorocebus_sabaeus: 0.008320, ((mandrillus_leucophaeus: 0.010399, cercocebus_atys: 0.000004): 0.006222, ((macaca_mulatta: 0.002062, macaca_fascicularis: 0.000004): 0.000004, macaca_nemestrina: 0.000004): 0.002063): 0.000004): 0.004357): 0.012837): 0.013653): 0.082352): 0.000647): 0.024548, (sorex_araneus: 0.214665, (((sus_scrofa: 0.209317, equus_caballus: 0.098648): 0.000004, (((panthera_pardus: 0.002173, panthera_tigris_altaica: 0.004442): 0.007254, felis_catus: 0.010661): 0.081083, (canis_familiaris: 0.084002, (mustela_putorius_furo: 0.070183, ailuropoda_melanoleuca: 0.035388): 0.008894): 0.011442): 0.047751): 0.000004, (pteropus_vampyrus: 0.166241, myotis_lucifugus: 0.078653): 0.026093): 0.015160): 0.010073): 0.116959);

Detailed output identifying parameters

Parameters (kappa) in the rate matrix (HKY85) (Yang 1994 J Mol Evol 39:105-111):
  5.01588

alpha (gamma, K=5) =  3.96390
rate:   0.41483  0.68862  0.91905  1.19784  1.77966
freq:   0.20000  0.20000  0.20000  0.20000  0.20000

check convergence..
