
BASEML (in paml version 4.9h, March 2018)  ../../0_chopped_alignments/segment_7916_8695_466_516/alignment.fa  HKY85 dGamma (ncatG=5)
Frequencies..
                                    T      C      A      G
homo_sapiens                   0.42857 0.22449 0.22449 0.12245 GC = 0.347
pan_paniscus                   0.42857 0.22449 0.22449 0.12245 GC = 0.347
pan_troglodytes                0.42857 0.22449 0.22449 0.12245 GC = 0.347
gorilla_gorilla                0.44898 0.20408 0.22449 0.12245 GC = 0.327
nomascus_leucogenys            0.42857 0.22449 0.20408 0.14286 GC = 0.367
cercocebus_atys                0.38776 0.26531 0.22449 0.12245 GC = 0.388
mandrillus_leucophaeus         0.40816 0.24490 0.22449 0.12245 GC = 0.367
macaca_fascicularis            0.40000 0.24000 0.24000 0.12000 GC = 0.360
macaca_mulatta                 0.40000 0.24000 0.24000 0.12000 GC = 0.360
macaca_nemestrina              0.40816 0.24490 0.22449 0.12245 GC = 0.367
chlorocebus_sabaeus            0.42857 0.20408 0.24490 0.12245 GC = 0.327
colobus_angolensis_palliatus   0.42857 0.22449 0.22449 0.12245 GC = 0.347
rhinopithecus_bieti            0.42857 0.22449 0.22449 0.12245 GC = 0.347
rhinopithecus_roxellana        0.42857 0.22449 0.22449 0.12245 GC = 0.347
aotus_nancymaae                0.42857 0.18367 0.24490 0.14286 GC = 0.327
cebus_capucinus                0.42857 0.18367 0.22449 0.16327 GC = 0.347
saimiri_boliviensis_boliviensis 0.42857 0.18367 0.22449 0.16327 GC = 0.347
carlito_syrichta               0.38776 0.22449 0.22449 0.16327 GC = 0.388
otolemur_garnettii             0.36735 0.26531 0.16327 0.20408 GC = 0.469
propithecus_coquereli          0.42857 0.20408 0.18367 0.18367 GC = 0.388
cavia_porcellus                0.34694 0.26531 0.22449 0.16327 GC = 0.429
chinchilla_lanigera            0.38776 0.22449 0.22449 0.16327 GC = 0.388
octodon_degus                  0.34694 0.28571 0.18367 0.18367 GC = 0.469
fukomys_damarensis             0.34694 0.26531 0.20408 0.18367 GC = 0.449
heterocephalus_glaber_male     0.36735 0.28571 0.18367 0.16327 GC = 0.449
ictidomys_tridecemlineatus     0.40816 0.20408 0.20408 0.18367 GC = 0.388
jaculus_jaculus                0.44898 0.18367 0.20408 0.16327 GC = 0.347
dipodomys_ordii                0.40816 0.22449 0.18367 0.18367 GC = 0.408
ailuropoda_melanoleuca         0.36735 0.20408 0.20408 0.22449 GC = 0.429
mustela_putorius_furo          0.40816 0.22449 0.22449 0.14286 GC = 0.367
canis_familiaris               0.40816 0.24490 0.24490 0.10204 GC = 0.347
felis_catus                    0.44898 0.18367 0.18367 0.18367 GC = 0.367
panthera_pardus                0.42857 0.22449 0.18367 0.16327 GC = 0.388
panthera_tigris_altaica        0.42857 0.22449 0.18367 0.16327 GC = 0.388
equus_caballus                 0.40816 0.22449 0.18367 0.18367 GC = 0.408
sus_scrofa                     0.34694 0.22449 0.22449 0.20408 GC = 0.429
myotis_lucifugus               0.41667 0.25000 0.22917 0.10417 GC = 0.354
pteropus_vampyrus              0.37500 0.22917 0.25000 0.14583 GC = 0.375
sorex_araneus                  0.36735 0.18367 0.24490 0.20408 GC = 0.388
loxodonta_africana             0.38776 0.22449 0.20408 0.18367 GC = 0.408

Homogeneity statistic: X2 = 0.55642 G = 0.55837 

Average                        0.40510 0.22602 0.21531 0.15357
(Ambiguity characters are used to calculate freqs.)


# constant sites:      4 (8.00%)
Distances:HKY85 (kappa)  (alpha set at 0.50)
This matrix is not used in later m.l. analysis.

(Pairwise deletion.)
homo_sapiens     
pan_paniscus       0.0000( 0.0000)
pan_troglodytes    0.0000( 0.0000)  0.0000( 0.0000)
gorilla_gorilla    0.0453(-0.0711)  0.0453(-0.0711)  0.0453(-0.0711)
nomascus_leucogenys    0.0547(999.0000)  0.0547(999.0000)  0.0547(999.0000)  0.1107( 2.4993)
cercocebus_atys    0.0323(999.0000)  0.0323(999.0000)  0.0323(999.0000)  0.0814( 1.3127)  0.0890(999.0000)
mandrillus_leucophaeus    0.0145(999.0000)  0.0145(999.0000)  0.0145(999.0000)  0.0614( 0.5568)  0.0702(999.0000)  0.0144(999.0000)
macaca_fascicularis    0.0145(999.0000)  0.0145(999.0000)  0.0145(999.0000)  0.0614( 0.5568)  0.0702(999.0000)  0.0144(999.0000)  0.0000(999.0000)
macaca_mulatta     0.0145(999.0000)  0.0145(999.0000)  0.0145(999.0000)  0.0614( 0.5568)  0.0702(999.0000)  0.0144(999.0000)  0.0000(999.0000)  0.0000(999.0000)
macaca_nemestrina    0.0145(999.0000)  0.0145(999.0000)  0.0145(999.0000)  0.0614( 0.5568)  0.0702(999.0000)  0.0144(999.0000)  0.0000(999.0000)  0.0000(999.0000)  0.0000(999.0000)
chlorocebus_sabaeus    0.0152(999.0000)  0.0152(999.0000)  0.0152(999.0000)  0.0634( 0.6035)  0.0683(999.0000)  0.0341(999.0000)  0.0152(999.0000)  0.0152(999.0000)  0.0152(999.0000)  0.0152(999.0000)
colobus_angolensis_palliatus    0.0000(999.0000)  0.0000(999.0000)  0.0000(999.0000)  0.0453(-0.0711)  0.0547(999.0000)  0.0323(999.0000)  0.0145(999.0000)  0.0145(999.0000)  0.0145(999.0000)  0.0145(999.0000)  0.0152(999.0000)
rhinopithecus_bieti    0.0000(999.0000)  0.0000(999.0000)  0.0000(999.0000)  0.0453(-0.0711)  0.0547(999.0000)  0.0323(999.0000)  0.0145(999.0000)  0.0145(999.0000)  0.0145(999.0000)  0.0145(999.0000)  0.0152(999.0000)  0.0000(999.0000)
rhinopithecus_roxellana    0.0000(999.0000)  0.0000(999.0000)  0.0000(999.0000)  0.0453(-0.0711)  0.0547(999.0000)  0.0323(999.0000)  0.0145(999.0000)  0.0145(999.0000)  0.0145(999.0000)  0.0145(999.0000)  0.0152(999.0000)  0.0000(999.0000)  0.0000(999.0000)
aotus_nancymaae    0.2075( 6.7110)  0.2075( 6.7110)  0.2075( 6.7110)  0.2780( 3.0742)  0.1177( 2.9367)  0.2613( 8.6557)  0.2317( 7.5821)  0.2317( 7.5821)  0.2317( 7.5821)  0.2317( 7.5821)  0.2280( 7.5215)  0.2075( 6.7110)  0.2075( 6.7110)  0.2075( 6.7110)
cebus_capucinus    0.1177( 2.9367)  0.1177( 2.9367)  0.1177( 2.9367)  0.1673( 1.0447)  0.0627( 0.6499)  0.1688( 4.8813)  0.1404( 3.8078)  0.1404( 3.8078)  0.1404( 3.8078)  0.1404( 3.8078)  0.1415( 3.8755)  0.1177( 2.9367)  0.1177( 2.9367)  0.1177( 2.9367)  0.0389(999.0000)
saimiri_boliviensis_boliviensis    0.1177( 2.9367)  0.1177( 2.9367)  0.1177( 2.9367)  0.1673( 1.0447)  0.0627( 0.6499)  0.1688( 4.8813)  0.1404( 3.8078)  0.1404( 3.8078)  0.1404( 3.8078)  0.1404( 3.8078)  0.1415( 3.8755)  0.1177( 2.9367)  0.1177( 2.9367)  0.1177( 2.9367)  0.0389(999.0000)  0.0000(999.0000)
carlito_syrichta    0.0622( 0.6133)  0.0622( 0.6133)  0.0622( 0.6133)  0.1203( 0.1874)  0.1182( 2.8386)  0.0830( 1.4097)  0.0621( 0.5989)  0.0621( 0.5989)  0.0621( 0.5989)  0.0621( 0.5989)  0.0593( 3.1425)  0.0622( 0.6133)  0.0622( 0.6133)  0.0622( 0.6133)  0.2939( 3.3871)  0.2049( 1.7472)  0.2049( 1.7472)
otolemur_garnettii    0.6541( 5.9790)  0.6541( 5.9790)  0.6541( 5.9790)  0.8860( 4.4776)  0.4221( 3.2222)  0.6306( 5.5833)  0.6581( 5.9600)  0.6581( 5.9600)  0.6581( 5.9600)  0.6581( 5.9600)  0.6445( 8.3666)  0.6541( 5.9790)  0.6541( 5.9790)  0.6541( 5.9790)  0.9390(10.0357)  0.6104( 5.8549)  0.6104( 5.8549)  0.5345( 4.7741)
propithecus_coquereli    0.3389( 2.3516)  0.3389( 2.3516)  0.3389( 2.3516)  0.4056( 1.1323)  0.2596( 1.3597)  0.3954( 2.9592)  0.3374( 2.2935)  0.3374( 2.2935)  0.3374( 2.2935)  0.3374( 2.2935)  0.3658( 4.1974)  0.3389( 2.3516)  0.3389( 2.3516)  0.3389( 2.3516)  0.3514( 2.7226)  0.2490( 1.3448)  0.2490( 1.3448)  0.2855( 1.7667)  0.2498( 7.9165)
cavia_porcellus    0.2142( 1.7462)  0.2142( 1.7462)  0.2142( 1.7462)  0.3026( 1.0075)  0.2148( 1.7462)  0.2641( 2.5296)  0.2126( 1.7027)  0.2126( 1.7027)  0.2126( 1.7027)  0.2126( 1.7027)  0.2371( 3.7639)  0.2142( 1.7462)  0.2142( 1.7462)  0.2142( 1.7462)  0.4626( 2.6808)  0.3914( 1.9595)  0.3914( 1.9595)  0.1786( 1.2027)  0.5286( 2.0081)  0.3605( 0.8214)
chinchilla_lanigera    0.2932( 9.8657)  0.2932( 9.8657)  0.2932( 9.8657)  0.3971( 5.0108)  0.4273(15.1482)  0.3411(11.4774)  0.2935( 9.7376)  0.2935( 9.7376)  0.2935( 9.7376)  0.2935( 9.7376)  0.3120(24.5990)  0.2932( 9.8657)  0.2932( 9.8657)  0.2932( 9.8657)  0.8549(13.6536)  0.5842( 8.6466)  0.5842( 8.6466)  0.2363( 7.7824)  0.8960( 9.2436)  0.4386( 3.7394)  0.2961( 3.2269)
octodon_degus      0.3492( 6.3331)  0.3492( 6.3331)  0.3492( 6.3331)  0.4696( 3.8032)  0.5207(10.2763)  0.3968( 7.3074)  0.3498( 6.2856)  0.3498( 6.2856)  0.3498( 6.2856)  0.3498( 6.2856)  0.3616(11.5157)  0.3492( 6.3331)  0.3492( 6.3331)  0.3492( 6.3331)  0.7702(17.1207)  0.5181(10.8706)  0.5181(10.8706)  0.2874( 5.0933)  0.5295( 6.7461)  0.5614( 7.4461)  0.3357( 2.2636)  0.1707( 2.2856)
fukomys_damarensis    0.2438( 2.2292)  0.2438( 2.2292)  0.2438( 2.2292)  0.3401( 1.3546)  0.3495( 3.9678)  0.2831( 2.8252)  0.2438( 2.2048)  0.2438( 2.2048)  0.2438( 2.2048)  0.2438( 2.2048)  0.2501( 4.0227)  0.2438( 2.2292)  0.2438( 2.2292)  0.2438( 2.2292)  0.6843( 4.8621)  0.4946( 2.9692)  0.4946( 2.9692)  0.2937( 3.1729)  1.2097( 6.9188)  0.3901( 3.0229)  0.2704( 2.7286)  0.2683( 2.7373)  0.3343( 2.2440)
heterocephalus_glaber_male    0.1488( 3.7479)  0.1488( 3.7479)  0.1488( 3.7479)  0.2238( 1.7992)  0.2509( 7.4777)  0.1745( 4.6044)  0.1493( 3.7263)  0.1493( 3.7263)  0.1493( 3.7263)  0.1493( 3.7263)  0.1464( 9.6410)  0.1488( 3.7479)  0.1488( 3.7479)  0.1488( 3.7479)  0.5338( 7.1299)  0.3484( 3.9972)  0.3484( 3.9972)  0.1191( 2.7597)  0.6592( 5.8600)  0.2425( 3.8826)  0.2130( 1.6662)  0.1402( 3.5671)  0.1786( 2.3117)  0.1194( 2.7201)
ictidomys_tridecemlineatus    0.7941(30.2387)  0.7941(30.2387)  0.7941(30.2387)  1.0553(16.6801)  0.5468(20.1444)  0.7271(26.7090)  0.7946(29.7755)  0.7946(29.7755)  0.7946(29.7755)  0.7946(29.7755)  0.8678(72.5712)  0.7941(30.2387)  0.7941(30.2387)  0.7941(30.2387)  0.9429(15.4513)  0.6955(10.8202)  0.6955(10.8202)  0.6200(23.7698)  0.4368( 3.6065)  0.5118( 4.7555)  0.8011(12.0072)  0.8280(32.3971)  0.9401(20.9622)  0.9030(13.7410)  0.5349(18.8042)
jaculus_jaculus    1.0851(11.9179)  1.0851(11.9179)  1.0851(11.9179)  1.5538( 9.9762)  2.1803(25.7403)  1.1431(12.2121)  1.1024(11.9108)  1.1024(11.9108)  1.1024(11.9108)  1.1024(11.9108)  1.0656(16.2645)  1.0851(11.9179)  1.0851(11.9179)  1.0851(11.9179)  0.8597( 9.7989)  1.5305(18.9360)  1.5305(18.9360)  0.8275( 8.9341) 55.2972(521.2304)  2.2063(20.0839)  1.3135( 8.0392)  0.9428(10.4509)  0.8792(12.8512)  1.2284( 7.3714)  0.6495( 6.0016)  2.5494(64.8408)
dipodomys_ordii    0.2529(19.3927)  0.2529(19.3927)  0.2529(19.3927)  0.3470( 6.6428)  0.3795(29.9230)  0.2966(22.4251)  0.2533(19.1404)  0.2533(19.1404)  0.2533(19.1404)  0.2533(19.1404)  0.2683(999.0000)  0.2529(19.3927)  0.2529(19.3927)  0.2529(19.3927)  0.6988(16.0793)  0.4579( 9.8292)  0.4579( 9.8292)  0.2869(22.8874)  0.9412(13.7172)  0.2874( 3.0565)  0.4555( 9.2266)  0.3558(28.8423)  0.3976(13.3614)  0.2936( 5.2856)  0.2124(15.3051)  0.7432(63.1351)  0.8564(13.0807)
ailuropoda_melanoleuca    0.5767( 8.3370)  0.5767( 8.3370)  0.5767( 8.3370)  0.7566( 5.7277)  0.8088(12.4404)  0.5121( 6.9957)  0.5754( 8.1942)  0.5754( 8.1942)  0.5754( 8.1942)  0.5754( 8.1942)  0.6329(14.0254)  0.5767( 8.3370)  0.5767( 8.3370)  0.5767( 8.3370)  1.4569(13.4540)  0.9595( 8.1426)  0.9595( 8.1426)  0.4724( 6.6395)  1.7352(11.5083)  0.6712( 3.4118)  0.7032( 5.1350)  0.5463( 7.9858)  0.6308( 6.1965)  0.6201( 4.2969)  0.4301( 5.4947)  0.8935(14.5129)  1.1587( 7.4591)  0.4232( 9.0208)
mustela_putorius_furo    0.2990( 5.4392)  0.2990( 5.4392)  0.2990( 5.4392)  0.4048( 3.2091)  0.4038( 7.9423)  0.4607( 9.1229)  0.3670( 6.9918)  0.3670( 6.9918)  0.3670( 6.9918)  0.3670( 6.9918)  0.3961( 7.7485)  0.2990( 5.4392)  0.2990( 5.4392)  0.2990( 5.4392)  0.7131( 7.5200)  0.5173( 4.8787)  0.5173( 4.8787)  0.3337( 2.3723)  1.0128( 3.9166)  0.4651( 0.8590)  0.4455( 1.4482)  0.4002( 3.2237)  0.3386( 1.3047)  0.3574( 0.7918)  0.3061( 1.8377)  0.6180( 6.0733)  0.7905( 2.8443)  0.2862( 2.9979)  0.2358( 4.1683)
canis_familiaris    0.3107(999.0000)  0.3107(999.0000)  0.3107(999.0000)  0.4179(14.5646)  0.4005(999.0000)  0.2988(999.0000)  0.2328(999.0000)  0.2328(999.0000)  0.2328(999.0000)  0.2328(999.0000)  0.3440(999.0000)  0.3107(999.0000)  0.3107(999.0000)  0.3107(999.0000)  0.7037(27.2034)  0.5350(20.0260)  0.5350(20.0260)  0.2539( 8.2382)  1.2532(12.9798)  0.4734( 3.9778)  0.4140( 5.0671)  0.5701(20.8204)  0.6551(13.3606)  0.4523( 5.6628)  0.4182(13.6033)  1.3090(50.5610)  3.0128(36.0464)  0.3963(31.1199)  0.6660( 9.8271)  0.3293( 6.1369)
felis_catus        0.2478( 4.2900)  0.2478( 4.2900)  0.2478( 4.2900)  0.3433( 2.5036)  0.3443( 6.6789)  0.2977( 5.3430)  0.2462( 4.1723)  0.2462( 4.1723)  0.2462( 4.1723)  0.2462( 4.1723)  0.2746( 9.0384)  0.2478( 4.2900)  0.2478( 4.2900)  0.2478( 4.2900)  0.6115( 6.3442)  0.4422( 4.0103)  0.4422( 4.0103)  0.2018( 3.2440)  0.4692( 2.5870)  0.3013( 1.0515)  0.3328( 2.3401)  0.2459( 4.3782)  0.2844( 2.9174)  0.2847( 1.7270)  0.1777( 2.4034)  0.2817( 5.3906)  0.7317( 5.4720)  0.2073( 6.5594)  0.2964( 2.0463)  0.1943(-0.0161)  0.2819( 5.0721)
panthera_pardus    0.1736( 4.8575)  0.1736( 4.8575)  0.1736( 4.8575)  0.2523( 2.3593)  0.2717( 8.5873)  0.2072( 5.9695)  0.1738( 4.7881)  0.1738( 4.7881)  0.1738( 4.7881)  0.1738( 4.7881)  0.1801(12.8348)  0.1736( 4.8575)  0.1736( 4.8575)  0.1736( 4.8575)  0.5210( 7.2558)  0.3444( 4.1230)  0.3444( 4.1230)  0.1392( 3.6609)  0.4644( 3.7233)  0.2921( 1.7603)  0.3394( 3.8005)  0.2555( 8.2711)  0.2903( 4.9435)  0.2835( 2.8689)  0.1069( 2.1880)  0.2478( 8.0736)  0.6800( 6.6969)  0.2163(16.2372)  0.2883( 3.1862)  0.1792( 0.3582)  0.2825( 8.9469)  0.0378( 1.3774)
panthera_tigris_altaica    0.1736( 4.8575)  0.1736( 4.8575)  0.1736( 4.8575)  0.2523( 2.3593)  0.2717( 8.5873)  0.2072( 5.9695)  0.1738( 4.7881)  0.1738( 4.7881)  0.1738( 4.7881)  0.1738( 4.7881)  0.1801(12.8348)  0.1736( 4.8575)  0.1736( 4.8575)  0.1736( 4.8575)  0.5210( 7.2558)  0.3444( 4.1230)  0.3444( 4.1230)  0.1392( 3.6609)  0.4644( 3.7233)  0.2921( 1.7603)  0.3394( 3.8005)  0.2555( 8.2711)  0.2903( 4.9435)  0.2835( 2.8689)  0.1069( 2.1880)  0.2478( 8.0736)  0.6800( 6.6969)  0.2163(16.2372)  0.2883( 3.1862)  0.1792( 0.3582)  0.2825( 8.9469)  0.0378( 1.3774)  0.0000( 1.3774)
equus_caballus     0.1775( 2.4449)  0.1775( 2.4449)  0.1775( 2.4449)  0.2597( 1.3660)  0.2772( 4.8338)  0.2065( 3.0588)  0.1780( 2.4211)  0.1780( 2.4211)  0.1780( 2.4211)  0.1780( 2.4211)  0.1763( 4.9197)  0.1775( 2.4449)  0.1775( 2.4449)  0.1775( 2.4449)  0.5648( 5.4779)  0.3882( 3.1440)  0.3882( 3.1440)  0.1462( 1.7557)  0.6432( 4.1239)  0.3019( 1.0178)  0.2501( 1.2594)  0.1699( 2.3475)  0.2118( 1.6675)  0.2236( 0.9292)  0.1106( 0.7973)  0.5167(11.1305)  0.6475( 4.4220)  0.2044( 6.2239)  0.2816( 1.7842)  0.2570( 0.5795)  0.3521( 6.5895)  0.1461( 0.6396)  0.1410( 1.5579)  0.1410( 1.5579)
sus_scrofa         0.3154( 1.2058)  0.3154( 1.2058)  0.3154( 1.2058)  0.4337( 0.7420)  0.3860( 1.8975)  0.3814( 1.8172)  0.3125( 1.1624)  0.3125( 1.1624)  0.3125( 1.1624)  0.3125( 1.1624)  0.3534( 2.5535)  0.3154( 1.2058)  0.3154( 1.2058)  0.3154( 1.2058)  0.5762( 4.0379)  0.4867( 3.0845)  0.4867( 3.0845)  0.2262( 0.3494)  0.5614( 5.3076)  0.4984( 4.6611)  0.5322( 1.3768)  0.5631( 3.7786)  0.4860( 4.3068)  0.6256( 1.9501)  0.3807( 1.7826)  0.8416(13.3704)  1.2223(14.5133)  0.7769( 8.2452)  0.5216( 3.4765)  0.4468( 1.5700)  0.3333( 1.3743)  0.2827( 1.8262)  0.2385( 2.2718)  0.2385( 2.2718)  0.3855( 1.0833)
myotis_lucifugus    0.7667( 4.7317)  0.7667( 4.7317)  0.7667( 4.7317)  1.0418( 3.5899)  1.2825( 9.0147)  0.8498( 5.2904)  0.7686( 4.6796)  0.7686( 4.6796)  0.7686( 4.6796)  0.7686( 4.6796)  0.7330( 6.2434)  0.7667( 4.7317)  0.7667( 4.7317)  0.7667( 4.7317)  1.5257( 6.6664)  1.4230( 6.0305)  1.4230( 6.0305)  0.5990( 3.5072)  1.5871( 4.5297)  0.9658( 2.1840)  0.8857( 2.8824)  0.3714( 1.4844)  0.4807( 1.3623)  0.7930( 2.3769)  0.4803( 2.1841)  1.0904( 7.9283)  0.9630( 2.2104)  0.7921( 7.1974)  0.6518( 1.8306)  0.5031( 0.9056)  1.6261(11.9687)  0.3574( 2.3568)  0.3621( 3.7484)  0.3621( 3.7484)  0.3128( 1.7768)  0.6620( 1.8754)
pteropus_vampyrus    0.4160( 3.2070)  0.4160( 3.2070)  0.4160( 3.2070)  0.5578( 2.1649)  0.5530( 4.8417)  0.3490( 2.3265)  0.4126( 3.1218)  0.4126( 3.1218)  0.4126( 3.1218)  0.4126( 3.1218)  0.3776( 4.2848)  0.4160( 3.2070)  0.4160( 3.2070)  0.4160( 3.2070)  0.9875( 5.6657)  0.7045( 3.4381)  0.7045( 3.4381)  0.2943( 1.7912)  0.5732( 1.3449)  0.5430( 1.2296)  0.5418( 2.0736)  0.4165( 3.3322)  0.3970( 1.7623)  0.4601( 1.4676)  0.3204( 1.9348)  0.5280( 4.7718)  0.6021( 1.5976)  0.5936( 8.0420)  0.5761( 2.4891)  0.6100( 2.6675)  0.8024( 7.9072)  0.4070( 5.0828)  0.4435( 8.7007)  0.4435( 8.7007)  0.2663( 0.6039)  0.4643( 1.6131)  0.2536( 4.1890)
sorex_araneus      0.3724( 3.0666)  0.3724( 3.0666)  0.3724( 3.0666)  0.5006( 2.0983)  0.5100( 4.9150)  0.4247( 3.6705)  0.3728( 3.0246)  0.3728( 3.0246)  0.3728( 3.0246)  0.3728( 3.0246)  0.3878( 5.0260)  0.3724( 3.0666)  0.3724( 3.0666)  0.3724( 3.0666)  0.9665( 6.2263)  0.7002( 3.9095)  0.7002( 3.9095)  0.3564( 2.9097)  1.0869( 4.8877)  0.6385( 2.1626)  0.4295( 1.4978)  0.3134( 2.3152)  0.3770( 1.8590)  0.3928( 1.1966)  0.2430( 1.2418)  0.8094( 9.2963)  0.7411( 2.8987)  0.4404( 6.1451)  0.4410( 4.1905)  0.4514( 0.9236)  0.5300( 5.1676)  0.2690( 3.0798)  0.2828( 1.8311)  0.2828( 1.8311)  0.2867( 0.9900)  0.5536( 0.9310)  0.7410( 1.5569)  0.6719( 2.2343)
loxodonta_africana    0.4123( 2.0620)  0.4123( 2.0620)  0.4123( 2.0620)  0.4094( 2.0670)  0.4078( 2.0103)  0.4440( 2.3026)  0.4149( 2.0577)  0.4149( 2.0577)  0.4149( 2.0577)  0.4149( 2.0577)  0.3961( 2.9640)  0.4123( 2.0620)  0.4123( 2.0620)  0.4123( 2.0620)  0.7901( 3.0003)  0.5428( 1.4359)  0.5428( 1.4359)  0.3498( 1.5403)  0.6293( 1.0651)  0.4863( 0.4227)  0.4045( 2.0325)  0.4018( 2.0539)  0.4893( 1.7384)  0.5142( 1.1873)  0.2765( 0.7351)  0.8088(12.4404)  2.2760(15.7643)  0.4370( 3.6580)  0.8043( 6.2919)  0.5343( 0.6464)  0.7420( 5.1608)  0.3512( 0.7859)  0.3024( 1.0075)  0.3024( 1.0075)  0.2976( 0.3573)  0.5101( 1.2624)  1.0134( 1.5639)  0.5521( 0.6490)  0.5705( 2.6960)

TREE #  1:  (40, (((((((21, 22), 23), (25, 24)), 26), (28, 27)), ((20, 19), (18, (((17, 16), 15), (((((2, 3), 1), 4), 5), (((14, 13), 12), (11, ((7, 6), ((9, 8), 10))))))))), (39, (((36, 35), (((33, 34), 32), (31, (30, 29)))), (38, 37)))));  MP score: -1.00
lnL(ntime: 78  np: 80):   -610.292585    +0.000000
  41..40   41..42   42..43   43..44   44..45   45..46   46..47   47..48   48..21   48..22   47..23   46..49   49..25   49..24   45..26   44..50   50..28   50..27   43..51   51..52   52..20   52..19   51..53   53..18   53..54   54..55   55..56   56..17   56..16   55..15   54..57   57..58   58..59   59..60   60..61   61..2    61..3    60..1    59..4    58..5    57..62   62..63   63..64   64..14   64..13   63..12   62..65   65..11   65..66   66..67   67..7    67..6    66..68   68..69   69..9    69..8    68..10   42..70   70..39   70..71   71..72   72..73   73..36   73..35   72..74   74..75   75..76   76..33   76..34   75..32   74..77   77..31   77..78   78..30   78..29   71..79   79..38   79..37 
 0.089384 0.052641 0.000004 0.000004 0.000004 0.020795 0.000004 0.000004 0.112718 0.064541 0.087797 0.023071 0.018641 0.066880 0.214110 0.004559 0.105885 0.220457 0.000004 0.096766 0.067945 0.089757 0.042346 0.021693 0.043703 0.091067 0.000004 0.000004 0.000004 0.021178 0.000004 0.000004 0.000004 0.000004 0.000004 0.000004 0.000004 0.000004 0.043632 0.020993 0.000004 0.000004 0.000004 0.000004 0.000004 0.000004 0.020873 0.021161 0.000004 0.000004 0.000004 0.020626 0.000004 0.000004 0.000004 0.000004 0.000004 0.000004 0.167801 0.000004 0.000004 0.000004 0.223852 0.043192 0.042978 0.022912 0.020462 0.000004 0.000004 0.022283 0.000004 0.114661 0.047344 0.069003 0.089755 0.101037 0.063564 0.126171 2.539902 4.324633

tree length =   2.83838

(loxodonta_africana, (((((((cavia_porcellus, chinchilla_lanigera), octodon_degus), (heterocephalus_glaber_male, fukomys_damarensis)), ictidomys_tridecemlineatus), (dipodomys_ordii, jaculus_jaculus)), ((propithecus_coquereli, otolemur_garnettii), (carlito_syrichta, (((saimiri_boliviensis_boliviensis, cebus_capucinus), aotus_nancymaae), (((((pan_paniscus, pan_troglodytes), homo_sapiens), gorilla_gorilla), nomascus_leucogenys), (((rhinopithecus_roxellana, rhinopithecus_bieti), colobus_angolensis_palliatus), (chlorocebus_sabaeus, ((mandrillus_leucophaeus, cercocebus_atys), ((macaca_mulatta, macaca_fascicularis), macaca_nemestrina))))))))), (sorex_araneus, (((sus_scrofa, equus_caballus), (((panthera_pardus, panthera_tigris_altaica), felis_catus), (canis_familiaris, (mustela_putorius_furo, ailuropoda_melanoleuca)))), (pteropus_vampyrus, myotis_lucifugus)))));

(loxodonta_africana: 0.089384, (((((((cavia_porcellus: 0.112718, chinchilla_lanigera: 0.064541): 0.000004, octodon_degus: 0.087797): 0.000004, (heterocephalus_glaber_male: 0.018641, fukomys_damarensis: 0.066880): 0.023071): 0.020795, ictidomys_tridecemlineatus: 0.214110): 0.000004, (dipodomys_ordii: 0.105885, jaculus_jaculus: 0.220457): 0.004559): 0.000004, ((propithecus_coquereli: 0.067945, otolemur_garnettii: 0.089757): 0.096766, (carlito_syrichta: 0.021693, (((saimiri_boliviensis_boliviensis: 0.000004, cebus_capucinus: 0.000004): 0.000004, aotus_nancymaae: 0.021178): 0.091067, (((((pan_paniscus: 0.000004, pan_troglodytes: 0.000004): 0.000004, homo_sapiens: 0.000004): 0.000004, gorilla_gorilla: 0.043632): 0.000004, nomascus_leucogenys: 0.020993): 0.000004, (((rhinopithecus_roxellana: 0.000004, rhinopithecus_bieti: 0.000004): 0.000004, colobus_angolensis_palliatus: 0.000004): 0.000004, (chlorocebus_sabaeus: 0.021161, ((mandrillus_leucophaeus: 0.000004, cercocebus_atys: 0.020626): 0.000004, ((macaca_mulatta: 0.000004, macaca_fascicularis: 0.000004): 0.000004, macaca_nemestrina: 0.000004): 0.000004): 0.000004): 0.020873): 0.000004): 0.000004): 0.043703): 0.042346): 0.000004): 0.000004, (sorex_araneus: 0.167801, (((sus_scrofa: 0.223852, equus_caballus: 0.043192): 0.000004, (((panthera_pardus: 0.000004, panthera_tigris_altaica: 0.000004): 0.020462, felis_catus: 0.022283): 0.022912, (canis_familiaris: 0.114661, (mustela_putorius_furo: 0.069003, ailuropoda_melanoleuca: 0.089755): 0.047344): 0.000004): 0.042978): 0.000004, (pteropus_vampyrus: 0.063564, myotis_lucifugus: 0.126171): 0.101037): 0.000004): 0.000004): 0.052641);

Detailed output identifying parameters

Parameters (kappa) in the rate matrix (HKY85) (Yang 1994 J Mol Evol 39:105-111):
  2.53990

alpha (gamma, K=5) =  4.32463
rate:   0.43434  0.70310  0.92569  1.19264  1.74423
freq:   0.20000  0.20000  0.20000  0.20000  0.20000

