
BASEML (in paml version 4.9h, March 2018)  ../../0_chopped_alignments/segment_320_722/alignment.fa  HKY85 dGamma (ncatG=5)
Frequencies..
                                    T      C      A      G
homo_sapiens                   0.25000 0.32071 0.22222 0.20707 GC = 0.528
pan_paniscus                   0.25000 0.32071 0.21970 0.20960 GC = 0.530
pan_troglodytes                0.25000 0.32071 0.21465 0.21465 GC = 0.535
gorilla_gorilla                0.25000 0.32071 0.21970 0.20960 GC = 0.530
nomascus_leucogenys            0.25628 0.30905 0.22613 0.20854 GC = 0.518
cercocebus_atys                0.25316 0.31899 0.22532 0.20253 GC = 0.522
mandrillus_leucophaeus         0.25316 0.31899 0.22785 0.20000 GC = 0.519
macaca_fascicularis            0.25063 0.32152 0.22785 0.20000 GC = 0.522
macaca_mulatta                 0.25316 0.31899 0.22785 0.20000 GC = 0.519
macaca_nemestrina              0.25063 0.32152 0.23038 0.19747 GC = 0.519
chlorocebus_sabaeus            0.25063 0.32152 0.22532 0.20253 GC = 0.524
colobus_angolensis_palliatus   0.26582 0.30886 0.22532 0.20000 GC = 0.509
rhinopithecus_bieti            0.27089 0.30380 0.22278 0.20253 GC = 0.506
rhinopithecus_roxellana        0.26835 0.30633 0.22278 0.20253 GC = 0.509
aotus_nancymaae                0.25381 0.31218 0.22589 0.20812 GC = 0.520
cebus_capucinus                0.26396 0.30964 0.21574 0.21066 GC = 0.520
saimiri_boliviensis_boliviensis 0.25700 0.31043 0.22646 0.20611 GC = 0.517
carlito_syrichta               0.26136 0.31250 0.21023 0.21591 GC = 0.528
otolemur_garnettii             0.24422 0.31877 0.20566 0.23136 GC = 0.550
propithecus_coquereli          0.23291 0.32658 0.20759 0.23291 GC = 0.559
cavia_porcellus                0.28527 0.25392 0.28527 0.17555 GC = 0.429
chinchilla_lanigera            0.28086 0.25926 0.26235 0.19753 GC = 0.457
fukomys_damarensis             0.28485 0.24848 0.26364 0.20303 GC = 0.452
heterocephalus_glaber_male     0.28406 0.25217 0.26377 0.20000 GC = 0.452
ictidomys_tridecemlineatus     0.25843 0.28090 0.21629 0.24438 GC = 0.525
jaculus_jaculus                0.29323 0.25940 0.24812 0.19925 GC = 0.459
dipodomys_ordii                0.29132 0.27451 0.25770 0.17647 GC = 0.451
ailuropoda_melanoleuca         0.23155 0.33079 0.23410 0.20356 GC = 0.534
mustela_putorius_furo          0.24051 0.32405 0.23038 0.20506 GC = 0.529
canis_familiaris               0.25381 0.30711 0.23096 0.20812 GC = 0.515
felis_catus                    0.29677 0.30000 0.20645 0.19677 GC = 0.497
panthera_pardus                0.27414 0.30530 0.22118 0.19938 GC = 0.505
panthera_tigris_altaica        0.27414 0.30218 0.22430 0.19938 GC = 0.502
equus_caballus                 0.23896 0.31948 0.23636 0.20519 GC = 0.525
sus_scrofa                     0.26196 0.27960 0.24433 0.21411 GC = 0.494
myotis_lucifugus               0.24235 0.32398 0.24235 0.19133 GC = 0.515
pteropus_vampyrus              0.16857 0.32649 0.22779 0.27714 GC = 0.604
loxodonta_africana             0.24528 0.32884 0.22102 0.20485 GC = 0.534

Homogeneity statistic: X2 = 0.24128 G = 0.24356 

Average                        0.25827 0.30630 0.22956 0.20587
(Ambiguity characters are used to calculate freqs.)


# constant sites:      2 (0.50%)
Distances:HKY85 (kappa)  (alpha set at 0.50)
This matrix is not used in later m.l. analysis.

(Pairwise deletion.)
homo_sapiens     
pan_paniscus       0.0150(999.0000)
pan_troglodytes    0.0166( 4.3221)  0.0087( 1.3487)
gorilla_gorilla    0.0273( 1.3911)  0.0315( 1.9104)  0.0332( 1.0525)
nomascus_leucogenys    0.0406( 4.0224)  0.0542( 6.0210)  0.0559( 3.8362)  0.0447( 4.6278)
cercocebus_atys    0.0863( 5.8122)  0.0914( 6.2702)  0.0925( 4.5988)  0.0813( 4.4983)  0.0652(10.0873)
mandrillus_leucophaeus    0.0807( 5.3064)  0.0974( 6.8039)  0.0983( 5.0086)  0.0870( 4.9505)  0.0604( 9.2058)  0.0036(999.0000)
macaca_fascicularis    0.0782( 5.0884)  0.0947( 6.5733)  0.0957( 4.8245)  0.0845( 4.7613)  0.0631( 9.7093)  0.0056(999.0000)  0.0020(999.0000)
macaca_mulatta     0.0807( 5.3064)  0.0974( 6.8039)  0.0983( 5.0086)  0.0870( 4.9505)  0.0604( 9.2058)  0.0036(999.0000)  0.0000(999.0000)  0.0020(999.0000)
macaca_nemestrina    0.0839( 5.6006)  0.1009( 7.1315)  0.1017( 5.2529)  0.0905( 5.2339)  0.0679(10.5988)  0.0093(999.0000)  0.0056(999.0000)  0.0036(999.0000)  0.0056(999.0000)
chlorocebus_sabaeus    0.0832( 5.5312)  0.1000( 7.0422)  0.1010( 5.1999)  0.0894( 5.1450)  0.0679(10.5907)  0.0093(999.0000)  0.0056(999.0000)  0.0076(999.0000)  0.0056(999.0000)  0.0113(999.0000)
colobus_angolensis_palliatus    0.1032( 8.6961)  0.1087( 9.2621)  0.1096( 6.7019)  0.0975( 6.7914)  0.0807(18.0000)  0.0285(19.6547)  0.0328(22.8532)  0.0351(24.6067)  0.0328(22.8532)  0.0395(27.9361)  0.0394(27.9060)
rhinopithecus_bieti    0.0909( 7.4257)  0.0968( 8.0255)  0.0981( 5.7944)  0.0858( 5.7417)  0.0657(14.2815)  0.0215(14.2939)  0.0253(17.1464)  0.0277(19.0009)  0.0253(17.1464)  0.0316(21.9646)  0.0316(21.9525)  0.0196(999.0000)
rhinopithecus_roxellana    0.0881( 7.1415)  0.0938( 7.7240)  0.0951( 5.5602)  0.0831( 5.4990)  0.0629(13.5900)  0.0191(12.5112)  0.0229(15.3637)  0.0253(17.1669)  0.0229(15.3637)  0.0292(20.1306)  0.0292(20.1184)  0.0174(999.0000)  0.0020(999.0000)
aotus_nancymaae    0.1097( 4.4066)  0.1276( 5.4464)  0.1295( 4.3770)  0.1151( 4.1634)  0.1138( 6.0612)  0.1340( 4.5949)  0.1281( 4.3072)  0.1316( 4.4820)  0.1281( 4.3072)  0.1375( 4.7737)  0.1246( 4.1413)  0.1271( 4.7721)  0.1245( 4.6324)  0.1245( 4.6324)
cebus_capucinus    0.1208( 5.7133)  0.1399( 6.9245)  0.1415( 5.5185)  0.1268( 5.3702)  0.1219( 7.6103)  0.1415( 5.5189)  0.1355( 5.2035)  0.1318( 5.0131)  0.1355( 5.2035)  0.1378( 5.3318)  0.1318( 5.0118)  0.1342( 5.7671)  0.1318( 5.6253)  0.1318( 5.6253)  0.0481( 3.0246)
saimiri_boliviensis_boliviensis    0.1313( 4.4352)  0.1510( 5.3942)  0.1524( 4.4275)  0.1378( 4.2592)  0.1232( 5.1240)  0.1389( 3.8628)  0.1325( 3.5966)  0.1357( 3.7337)  0.1325( 3.5966)  0.1422( 4.0045)  0.1293( 3.4648)  0.1323( 3.9916)  0.1290( 3.8394)  0.1290( 3.8394)  0.0649( 3.8649)  0.0518( 5.6212)
carlito_syrichta    0.3913( 6.9034)  0.4275( 7.7203)  0.4275( 7.7199)  0.3749( 6.1191)  0.4094( 8.8896)  0.4225( 8.1137)  0.4225( 8.1137)  0.4357( 8.4324)  0.4225( 8.1137)  0.4357( 8.4335)  0.4105( 7.8346)  0.3911( 7.8636)  0.4023( 8.1312)  0.3907( 7.8448)  0.3576( 5.7270)  0.4572( 6.9089)  0.4527( 5.7333)
otolemur_garnettii    0.9671( 8.5148)  0.9902( 8.7647)  0.9909( 8.7746)  0.9129( 7.6247)  1.0297( 9.8707)  0.8263( 6.9855)  0.8599( 7.3484)  0.8486( 7.2317)  0.8599( 7.3484)  0.8487( 7.2322)  0.8487( 7.2322)  0.8404( 7.4046)  0.8217( 7.1888)  0.8092( 7.0537)  0.9434( 7.6067)  0.9395( 7.2215)  1.0753( 7.6059)  0.9434( 9.0261)
propithecus_coquereli    0.5707( 9.9437)  0.5867(10.2765)  0.5756( 9.0629)  0.5336( 8.7086)  0.5570(10.6756)  0.5175( 7.9421)  0.5386( 8.3468)  0.5453( 8.4804)  0.5386( 8.3468)  0.5453( 8.4813)  0.5321( 8.2276)  0.5252( 8.4813)  0.5277( 8.5184)  0.5199( 8.3705)  0.5132( 7.8505)  0.5094( 8.1474)  0.5696( 7.2711)  0.4817( 9.0064)  0.5736( 5.7229)
cavia_porcellus    1.1470( 7.6118)  1.2228( 8.2383)  1.2680( 8.6092)  1.1301( 7.8246)  1.1270( 8.9464)  1.2869( 8.7811)  1.2315( 8.3245)  1.2316( 8.3262)  1.2315( 8.3245)  1.2345( 8.3584)  1.1488( 7.6271)  1.2697( 9.0180)  1.2372( 8.7302)  1.2372( 8.7302)  1.2023( 7.7532)  1.2209( 8.2151)  1.1754( 6.8336)  1.0314( 9.4085)  3.1979(14.5233)  1.1926( 7.6406)
chinchilla_lanigera    1.0753(12.0587)  1.0064(11.1504)  1.0443(11.6391)  0.9754(10.7790)  1.0139(11.7012)  1.2034(11.3637)  1.2560(11.9521)  1.2562(11.9572)  1.2560(11.9521)  1.2578(11.9806)  1.2240(11.5952)  1.1365(11.1038)  1.1684(11.4711)  1.1684(11.4711)  1.0245( 9.8571)  0.9885( 8.9478)  1.2013( 9.8484)  0.9771(10.7068)  1.9269(11.1524)  0.9647( 8.7641)  0.4080( 9.0846)
fukomys_damarensis    1.0912( 9.1159)  1.0788( 8.9853)  1.1281( 9.4818)  0.9058( 7.2515)  1.0470( 9.4182)  1.1490( 8.5013)  1.2103( 9.0650)  1.2103( 9.0652)  1.2103( 9.0650)  1.2126( 9.0909)  1.2082( 9.0415)  1.0329( 7.7825)  1.1002( 8.4145)  1.1002( 8.4145)  1.0894( 8.3433)  1.0771( 7.8171)  1.0738( 6.7911)  0.9779( 8.2165)  1.8546(10.3127)  0.8921( 7.1188)  0.4063( 4.6351)  0.3695( 8.8431)
heterocephalus_glaber_male    0.8781( 6.6429)  0.8718( 6.5766)  0.8985( 6.8351)  0.8076( 5.9602)  0.8782( 7.2037)  0.9520( 6.7350)  0.9890( 7.0768)  0.9891( 7.0789)  0.9890( 7.0768)  0.9901( 7.0925)  0.9684( 6.8862)  0.9518( 6.7303)  0.9179( 6.4181)  0.9179( 6.4181)  0.8752( 6.6285)  0.8541( 6.0987)  0.9538( 6.1528)  1.0146( 8.1644)  1.7060( 8.0818)  0.7897( 4.7943)  0.3283( 4.4053)  0.2402( 6.7206)  0.1446( 3.2440)
ictidomys_tridecemlineatus    0.8683( 5.0652)  0.8372( 4.8137)  0.8377( 4.8185)  0.8346( 5.0223)  0.8298( 5.1695)  0.8412( 4.4201)  0.8691( 4.6317)  0.8867( 4.7679)  0.8691( 4.6317)  0.8867( 4.7679)  0.8528( 4.5109)  0.8277( 4.5048)  0.7858( 4.1768)  0.7858( 4.1768)  0.9802( 6.5187)  0.9666( 6.9469)  0.9705( 6.6756)  0.8972( 5.7851)  1.6100( 6.7989)  0.7811( 4.8365)  1.0198( 5.6474)  1.0926( 7.6084)  0.9752( 5.2991)  0.9521( 5.3553)
jaculus_jaculus    1.0489( 6.3335)  1.0388( 6.2570)  1.1310( 6.5778)  0.9938( 5.9434)  1.0488( 6.3286)  1.4935( 7.9931)  1.4935( 7.9931)  1.4935( 7.9931)  1.4935( 7.9931)  1.4977( 8.0252)  1.4701( 7.8362)  1.4771( 8.2760)  1.4976( 8.4159)  1.4976( 8.4159)  1.3374( 7.7856)  1.2233( 6.8620)  1.0763( 4.8852)  1.3083(10.3240)  2.5770( 9.5770)  1.5482(12.7728)  1.6430(11.4730)  1.1235(10.6286)  1.2046( 8.9805)  1.2953( 8.2712)  1.4882( 6.4332)
dipodomys_ordii    1.3365( 9.4142)  1.3512( 9.5390)  1.3447( 9.4749)  1.2951( 9.1016)  1.4131(10.8117)  1.3864( 8.7816)  1.4726( 9.4543)  1.4726( 9.4567)  1.4726( 9.4543)  1.4776( 9.5016)  1.4505( 9.2797)  1.3154( 8.5377)  1.3546( 8.8471)  1.3344( 8.6876)  1.4559( 8.6167)  1.5032( 9.2356)  1.3363( 7.4007)  1.0946( 7.0996)  2.2492(12.9139)  1.4291( 9.1640)  1.9593(13.3408)  1.8989(16.7879)  1.6524( 9.5911)  1.5758( 9.8822)  1.0901( 6.4828)  2.3534(11.9631)
ailuropoda_melanoleuca    0.6381( 6.9650)  0.6381( 6.9650)  0.6187( 6.6904)  0.6044( 6.2062)  0.6424( 7.6398)  0.5447( 5.1391)  0.5595( 5.3334)  0.5717( 5.4968)  0.5595( 5.3334)  0.5718( 5.5005)  0.5715( 5.4933)  0.5468( 5.3930)  0.5447( 5.3592)  0.5447( 5.3592)  0.5766( 5.8265)  0.5449( 4.4308)  0.6857( 5.3323)  0.7905( 8.5262)  1.4118( 8.6338)  0.9080(10.4120)  1.9992(12.5408)  1.4148(11.0492)  2.0900(13.5303)  1.4562( 8.2612)  1.1930(10.2452)  1.8362(10.8863)  1.9703(10.7072)
mustela_putorius_furo    0.6950( 5.4891)  0.7067( 5.6149)  0.6845( 5.3752)  0.6706( 5.0111)  0.6676( 5.6233)  0.6133( 4.2118)  0.6301( 4.3810)  0.6430( 4.5139)  0.6301( 4.3810)  0.6608( 4.6943)  0.6428( 4.5111)  0.6154( 4.4082)  0.6254( 4.5049)  0.6122( 4.3716)  0.6854( 5.3761)  0.6731( 4.5610)  0.7800( 4.9327)  0.8235( 5.9234)  1.6318( 7.3022)  1.0770( 8.0138)  2.0823(10.3300)  1.3797( 8.3138)  2.1522(11.5893)  1.5699( 7.7814)  1.2622( 7.3530)  1.7993( 7.4813)  1.8219( 9.1030)  0.2093( 4.9054)
canis_familiaris    0.5693( 7.1914)  0.5693( 7.1914)  0.5511( 6.8966)  0.5490( 6.5442)  0.5471( 7.4946)  0.4772( 5.1543)  0.4897( 5.3411)  0.5008( 5.5111)  0.4897( 5.3411)  0.5009( 5.5142)  0.4793( 5.1882)  0.4565( 5.0842)  0.4786( 5.4197)  0.4786( 5.4197)  0.5592( 7.0436)  0.5620( 6.0887)  0.6101( 5.8938)  0.6234( 6.2596)  1.3225( 8.1265)  0.6893( 7.6588)  2.2734(16.2157)  1.4497(13.3839)  2.0440(15.2754)  1.5622(11.2903)  1.1562( 8.9836)  1.6911( 8.7627)  2.0250(12.6483)  0.1989( 8.5961)  0.2972( 5.4223)
felis_catus        1.3075(14.5156)  1.4017(15.7016)  1.3075(14.5156)  1.3034(13.7972)  1.2151(16.4457)  1.0799(12.3179)  1.0799(12.3179)  1.1027(12.6226)  1.0799(12.3179)  1.1038(12.6411)  1.0030(11.3078)  1.0474(12.4984)  1.1103(13.3515)  1.1103(13.3515)  1.2494(11.9606)  1.1997(10.2230)  1.6596(13.5309)  1.2521(17.2909)  1.8918(12.8285)  1.6750(15.2522)  4.0415(24.9770)  3.6480(29.9182)  5.0954(37.8972)  2.1640(14.0141)  3.1030(20.4762)  3.0592(12.0620)  3.0142(17.4047)  0.4978( 8.3353)  0.4985( 6.8664)  0.4762( 7.9782)
panthera_pardus    1.4539(22.8767)  1.4539(22.8767)  1.3128(19.3572)  1.3523(20.0938)  1.3201(22.9289)  0.9376(12.6127)  0.9813(13.2937)  1.0043(13.6568)  0.9813(13.2937)  1.0052(13.6767)  0.9594(12.9574)  0.9464(13.4146)  0.9679(13.7484)  0.9679(13.7484)  1.2447(16.6067)  1.1200(13.1901)  1.4863(17.2911)  1.2632(15.9987)  1.9323(13.9985)  1.6144(21.1617)  4.5578(33.6713)  3.5636(40.6345)  3.7052(36.5273)  1.9443(15.9539)  2.6286(21.6234)  2.9542(15.4822)  2.8046(19.7119)  0.3246( 7.9224)  0.3789( 6.0530)  0.3522( 9.4810)  0.0604( 1.6452)
panthera_tigris_altaica    1.4318(21.3921)  1.4318(21.3921)  1.2897(18.0598)  1.3307(18.7848)  1.2964(21.3182)  0.9101(11.5775)  0.9540(12.2330)  0.9746(12.5445)  0.9540(12.2330)  0.9757(12.5647)  0.9341(11.9396)  0.9181(12.3002)  0.9371(12.5822)  0.9371(12.5822)  1.2590(16.0284)  1.1335(12.7549)  1.5024(16.7304)  1.2555(15.0492)  1.8682(12.9425)  1.5756(19.6696)  4.5675(32.3581)  3.6071(39.1611)  3.6388(34.1969)  1.9320(15.1141)  2.6041(20.5468)  2.9907(15.7018)  2.7597(18.5812)  0.3306( 7.4596)  0.3710( 5.4861)  0.3450( 8.4951)  0.0612( 1.3074)  0.0056( 1.4819)
equus_caballus     0.3844( 6.0816)  0.3872( 6.1402)  0.3994( 6.3919)  0.3709( 5.4645)  0.3668( 6.4257)  0.3471( 4.6848)  0.3569( 4.8744)  0.3653( 5.0392)  0.3569( 4.8744)  0.3653( 5.0422)  0.3490( 4.7265)  0.3684( 5.3803)  0.3558( 5.1222)  0.3472( 4.9545)  0.4010( 5.0873)  0.4295( 5.2477)  0.4630( 4.9498)  0.4293( 7.3887)  1.0372( 8.1112)  0.5170( 7.1979)  1.1035( 8.4345)  0.7873( 9.6231)  0.8685( 8.8527)  0.7291( 7.5989)  0.7179( 6.5266)  1.2864( 7.1181)  1.5452(11.5041)  0.4691( 7.8728)  0.4502( 4.8350)  0.3842( 6.8737)  0.8369(14.6891)  0.7335(16.5220)  0.7229(15.2261)
sus_scrofa         0.6569( 6.9595)  0.7260( 7.8988)  0.7254( 7.8872)  0.7142( 8.0963)  0.6725( 7.7883)  0.6640( 7.0564)  0.6455( 6.8082)  0.6329( 6.6392)  0.6455( 6.8082)  0.6331( 6.6449)  0.6326( 6.6340)  0.6312( 6.8999)  0.6483( 7.1343)  0.6353( 6.9545)  0.6252( 5.4383)  0.6094( 4.9894)  0.6713( 4.9851)  0.7734( 8.7491)  1.9994(12.2848)  0.9747(10.4640)  2.6397(16.8458)  1.6969(14.4402)  1.5987(12.2904)  1.4773(10.7931)  1.8396(13.5231)  1.9132(11.6046)  1.6864( 9.3807)  0.7030( 7.9358)  0.9107( 8.5339)  0.7147( 8.1143)  1.2328(13.9487)  1.0060(13.9526)  0.9841(12.9289)  0.4799( 9.2611)
myotis_lucifugus    0.5972( 3.7972)  0.5972( 3.7972)  0.5966( 3.7889)  0.5973( 3.9862)  0.6268( 4.4293)  0.6159( 3.6234)  0.6354( 3.8020)  0.6256( 3.7153)  0.6354( 3.8020)  0.6259( 3.7203)  0.6252( 3.7105)  0.6171( 3.7898)  0.6202( 3.8130)  0.6093( 3.7133)  0.6169( 3.2976)  0.6646( 3.5064)  0.7421( 3.6260)  0.5554( 3.4853)  1.3495( 6.9607)  0.7957( 6.0175)  2.6309(17.0020)  1.9884(16.9840)  2.1636(14.4764)  1.8172(11.5595)  1.0415( 4.9617)  3.1121(12.9693)  1.3748( 4.7374)  0.6982( 4.9987)  0.6792( 3.3785)  0.6828( 5.4467)  1.1487( 8.5408)  1.1728( 9.7852)  1.1594( 9.2349)  0.3619( 4.1183)  0.6348( 4.6075)
pteropus_vampyrus    1.2942(12.7743)  1.1490(11.0530)  1.0341( 9.7367)  1.1800(11.4580)  1.8300(16.3401)  1.0378( 7.3232)  1.1078( 7.9620)  1.1078( 7.9620)  1.1078( 7.9620)  1.1084( 7.9748)  0.9826( 6.8617)  1.7213(13.3224)  1.7213(13.3224)  1.7213(13.3224)  1.8454(18.9567)  1.7287(11.6960)  2.5990(20.9361)  0.5673( 5.5431)  1.1337( 4.7642)  0.8805( 5.1251)  5.9446(41.8751)  3.7007(37.2345)  3.7470(42.5837)  2.8086(25.8497)  0.9757( 8.4338)  2.7735(11.1911)  3.2947(16.1826)  0.3596( 2.5365)  0.5929( 2.1935)  0.4523( 5.3919)  1.4741( 7.5717)  0.6988( 5.8983)  0.6988( 5.8983)  0.5604( 5.1590)  0.8622(12.5778)  0.5666( 3.4882)
loxodonta_africana    0.6140( 6.5316)  0.6377( 6.8580)  0.6373( 6.8503)  0.5803( 5.7784)  0.6336( 7.4391)  0.5202( 4.7162)  0.5369( 4.9315)  0.5476( 5.0737)  0.5369( 4.9315)  0.5479( 5.0783)  0.5267( 4.8033)  0.5443( 5.2676)  0.5283( 5.0464)  0.5171( 4.9021)  0.5730( 4.8802)  0.5421( 4.7059)  0.6285( 4.9957)  0.5415( 6.4328)  1.1532( 6.5749)  0.8603( 8.0546)  1.4793( 8.9505)  1.2896( 9.3525)  1.1848(10.1662)  0.9362( 5.1323)  0.7936( 4.2892)  2.2293( 7.6216)  2.0220(10.6777)  0.7219( 5.8349)  0.7421( 4.4206)  0.6559( 6.7218)  1.1906( 9.8174)  0.9227( 9.9396)  0.9362( 9.6001)  0.2971( 3.5287)  0.7494( 7.7222)  0.5603( 2.7861)  0.6496( 7.4298)

TREE #  1:  (38, ((((((21, 22), (24, 23)), 25), (27, 26)), ((20, 19), (18, (((17, 16), 15), (((((2, 3), 1), 4), 5), (((14, 13), 12), (11, ((7, 6), ((9, 8), 10))))))))), (((35, 34), (((32, 33), 31), (30, (29, 28)))), (37, 36))));  MP score: -1.00
lnL(ntime: 74  np: 76):  -5349.792987    +0.000000
  39..38   39..40   40..41   41..42   42..43   43..44   44..45   45..21   45..22   44..46   46..24   46..23   43..25   42..47   47..27   47..26   41..48   48..49   49..20   49..19   48..50   50..18   50..51   51..52   52..53   53..17   53..16   52..15   51..54   54..55   55..56   56..57   57..58   58..2    58..3    57..1    56..4    55..5    54..59   59..60   60..61   61..14   61..13   60..12   59..62   62..11   62..63   63..64   64..7    64..6    63..65   65..66   66..9    66..8    65..10   40..67   67..68   68..69   69..35   69..34   68..70   70..71   71..72   72..32   72..33   71..31   70..73   73..30   73..74   74..29   74..28   67..75   75..37   75..36 
 0.057296 0.112658 0.035882 0.059331 0.010965 0.140592 0.018319 0.156891 0.100590 0.044952 0.039558 0.083814 0.248173 0.010246 0.326269 0.320646 0.014671 0.074692 0.085596 0.233990 0.005703 0.142920 0.069476 0.030314 0.007077 0.027803 0.019176 0.020673 0.021729 0.009439 0.013837 0.010350 0.010187 0.002529 0.005122 0.000004 0.012882 0.014685 0.025244 0.009380 0.005058 0.000004 0.002546 0.010277 0.008643 0.005090 0.000004 0.000004 0.000004 0.002553 0.000004 0.000004 0.000004 0.002553 0.005091 0.015068 0.000004 0.000004 0.212842 0.076422 0.101039 0.116754 0.002346 0.003112 0.003145 0.052333 0.017861 0.072612 0.029471 0.112237 0.055425 0.025188 0.186706 0.166061 4.072050 5.938201

tree length =   3.92413

(loxodonta_africana, ((((((cavia_porcellus, chinchilla_lanigera), (heterocephalus_glaber_male, fukomys_damarensis)), ictidomys_tridecemlineatus), (dipodomys_ordii, jaculus_jaculus)), ((propithecus_coquereli, otolemur_garnettii), (carlito_syrichta, (((saimiri_boliviensis_boliviensis, cebus_capucinus), aotus_nancymaae), (((((pan_paniscus, pan_troglodytes), homo_sapiens), gorilla_gorilla), nomascus_leucogenys), (((rhinopithecus_roxellana, rhinopithecus_bieti), colobus_angolensis_palliatus), (chlorocebus_sabaeus, ((mandrillus_leucophaeus, cercocebus_atys), ((macaca_mulatta, macaca_fascicularis), macaca_nemestrina))))))))), (((sus_scrofa, equus_caballus), (((panthera_pardus, panthera_tigris_altaica), felis_catus), (canis_familiaris, (mustela_putorius_furo, ailuropoda_melanoleuca)))), (pteropus_vampyrus, myotis_lucifugus))));

(loxodonta_africana: 0.057296, ((((((cavia_porcellus: 0.156891, chinchilla_lanigera: 0.100590): 0.018319, (heterocephalus_glaber_male: 0.039558, fukomys_damarensis: 0.083814): 0.044952): 0.140592, ictidomys_tridecemlineatus: 0.248173): 0.010965, (dipodomys_ordii: 0.326269, jaculus_jaculus: 0.320646): 0.010246): 0.059331, ((propithecus_coquereli: 0.085596, otolemur_garnettii: 0.233990): 0.074692, (carlito_syrichta: 0.142920, (((saimiri_boliviensis_boliviensis: 0.027803, cebus_capucinus: 0.019176): 0.007077, aotus_nancymaae: 0.020673): 0.030314, (((((pan_paniscus: 0.002529, pan_troglodytes: 0.005122): 0.010187, homo_sapiens: 0.000004): 0.010350, gorilla_gorilla: 0.012882): 0.013837, nomascus_leucogenys: 0.014685): 0.009439, (((rhinopithecus_roxellana: 0.000004, rhinopithecus_bieti: 0.002546): 0.005058, colobus_angolensis_palliatus: 0.010277): 0.009380, (chlorocebus_sabaeus: 0.005090, ((mandrillus_leucophaeus: 0.000004, cercocebus_atys: 0.002553): 0.000004, ((macaca_mulatta: 0.000004, macaca_fascicularis: 0.002553): 0.000004, macaca_nemestrina: 0.005091): 0.000004): 0.000004): 0.008643): 0.025244): 0.021729): 0.069476): 0.005703): 0.014671): 0.035882, (((sus_scrofa: 0.212842, equus_caballus: 0.076422): 0.000004, (((panthera_pardus: 0.003112, panthera_tigris_altaica: 0.003145): 0.002346, felis_catus: 0.052333): 0.116754, (canis_familiaris: 0.072612, (mustela_putorius_furo: 0.112237, ailuropoda_melanoleuca: 0.055425): 0.029471): 0.017861): 0.101039): 0.000004, (pteropus_vampyrus: 0.186706, myotis_lucifugus: 0.166061): 0.025188): 0.015068): 0.112658);

Detailed output identifying parameters

Parameters (kappa) in the rate matrix (HKY85) (Yang 1994 J Mol Evol 39:105-111):
  4.07205

alpha (gamma, K=5) =  5.93820
rate:   0.50227  0.75038  0.94565  1.17329  1.62841
freq:   0.20000  0.20000  0.20000  0.20000  0.20000

