
BASEML (in paml version 4.9h, March 2018)  ../../0_chopped_alignments/segment_7916_8695_647_697/alignment.fa  HKY85 dGamma (ncatG=5)
Frequencies..
                                    T      C      A      G
homo_sapiens                   0.42000 0.18000 0.30000 0.10000 GC = 0.280
pan_paniscus                   0.42000 0.18000 0.30000 0.10000 GC = 0.280
pan_troglodytes                0.42000 0.18000 0.30000 0.10000 GC = 0.280
gorilla_gorilla                0.42000 0.18000 0.30000 0.10000 GC = 0.280
nomascus_leucogenys            0.40000 0.20000 0.30000 0.10000 GC = 0.300
cercocebus_atys                0.42000 0.18000 0.30000 0.10000 GC = 0.280
mandrillus_leucophaeus         0.42000 0.18000 0.30000 0.10000 GC = 0.280
macaca_fascicularis            0.42000 0.18000 0.30000 0.10000 GC = 0.280
macaca_mulatta                 0.42000 0.18000 0.30000 0.10000 GC = 0.280
macaca_nemestrina              0.42000 0.16000 0.30000 0.12000 GC = 0.280
chlorocebus_sabaeus            0.42000 0.18000 0.30000 0.10000 GC = 0.280
colobus_angolensis_palliatus   0.40000 0.20000 0.30000 0.10000 GC = 0.300
rhinopithecus_bieti            0.42000 0.18000 0.30000 0.10000 GC = 0.280
rhinopithecus_roxellana        0.42000 0.18000 0.30000 0.10000 GC = 0.280
aotus_nancymaae                0.38000 0.16000 0.32000 0.14000 GC = 0.300
cebus_capucinus                0.40000 0.16000 0.32000 0.12000 GC = 0.280
saimiri_boliviensis_boliviensis 0.40000 0.16000 0.30000 0.14000 GC = 0.300
carlito_syrichta               0.40000 0.18000 0.32000 0.10000 GC = 0.280
otolemur_garnettii             0.36000 0.24000 0.32000 0.08000 GC = 0.320
propithecus_coquereli          0.42000 0.18000 0.32000 0.08000 GC = 0.260
cavia_porcellus                0.34000 0.28000 0.32000 0.06000 GC = 0.340
chinchilla_lanigera            0.38000 0.24000 0.30000 0.08000 GC = 0.320
octodon_degus                  0.34000 0.28000 0.24000 0.14000 GC = 0.420
fukomys_damarensis             0.30000 0.30000 0.26000 0.14000 GC = 0.440
heterocephalus_glaber_male     0.34000 0.22000 0.32000 0.12000 GC = 0.340
ictidomys_tridecemlineatus     0.39024 0.19512 0.34146 0.07317 GC = 0.268
jaculus_jaculus                0.30000 0.18000 0.28000 0.24000 GC = 0.420
dipodomys_ordii                0.36170 0.17021 0.38298 0.08511 GC = 0.255
ailuropoda_melanoleuca         0.36735 0.20408 0.30612 0.12245 GC = 0.327
mustela_putorius_furo          0.40000 0.17778 0.31111 0.11111 GC = 0.289
canis_familiaris               0.38776 0.18367 0.30612 0.12245 GC = 0.306
felis_catus                    0.38776 0.16327 0.28571 0.16327 GC = 0.327
panthera_pardus                0.38776 0.16327 0.28571 0.16327 GC = 0.327
panthera_tigris_altaica        0.38776 0.16327 0.28571 0.16327 GC = 0.327
equus_caballus                 0.38776 0.18367 0.32653 0.10204 GC = 0.286
sus_scrofa                     0.38776 0.18367 0.34694 0.08163 GC = 0.265
myotis_lucifugus               0.36735 0.20408 0.34694 0.08163 GC = 0.286
pteropus_vampyrus              0.36735 0.20408 0.30612 0.12245 GC = 0.327
sorex_araneus                  0.40816 0.16327 0.26531 0.16327 GC = 0.327
loxodonta_africana             0.42000 0.16000 0.30000 0.12000 GC = 0.280

Homogeneity statistic: X2 = 0.78699 G = 0.73832 

Average                        0.39027 0.19108 0.30512 0.11353
(Ambiguity characters are used to calculate freqs.)


# constant sites:      7 (14.00%)
Distances:HKY85 (kappa)  (alpha set at 0.50)
This matrix is not used in later m.l. analysis.

(Pairwise deletion.)
homo_sapiens     
pan_paniscus       0.0000( 0.0000)
pan_troglodytes    0.0000( 0.0000)  0.0000( 0.0000)
gorilla_gorilla    0.0000( 0.0000)  0.0000( 0.0000)  0.0000( 0.0000)
nomascus_leucogenys    0.0156(999.0000)  0.0156(999.0000)  0.0156(999.0000)  0.0156(999.0000)
cercocebus_atys    0.0000(999.0000)  0.0000(999.0000)  0.0000(999.0000)  0.0000(999.0000)  0.0156(999.0000)
mandrillus_leucophaeus    0.0000(999.0000)  0.0000(999.0000)  0.0000(999.0000)  0.0000(999.0000)  0.0156(999.0000)  0.0000(999.0000)
macaca_fascicularis    0.0000(999.0000)  0.0000(999.0000)  0.0000(999.0000)  0.0000(999.0000)  0.0156(999.0000)  0.0000(999.0000)  0.0000(999.0000)
macaca_mulatta     0.0000(999.0000)  0.0000(999.0000)  0.0000(999.0000)  0.0000(999.0000)  0.0156(999.0000)  0.0000(999.0000)  0.0000(999.0000)  0.0000(999.0000)
macaca_nemestrina    0.0210(-0.0317)  0.0210(-0.0317)  0.0210(-0.0317)  0.0210(-0.0317)  0.0383( 1.8085)  0.0210(-0.0317)  0.0210(-0.0317)  0.0210(-0.0317)  0.0210(-0.0317)
chlorocebus_sabaeus    0.0000(-0.0317)  0.0000(-0.0317)  0.0000(-0.0317)  0.0000(-0.0317)  0.0156(999.0000)  0.0000(999.0000)  0.0000(999.0000)  0.0000(999.0000)  0.0000(999.0000)  0.0210(-0.0317)
colobus_angolensis_palliatus    0.0156(999.0000)  0.0156(999.0000)  0.0156(999.0000)  0.0156(999.0000)  0.0352(999.0000)  0.0156(999.0000)  0.0156(999.0000)  0.0156(999.0000)  0.0156(999.0000)  0.0383( 1.8085)  0.0156(999.0000)
rhinopithecus_bieti    0.0000(999.0000)  0.0000(999.0000)  0.0000(999.0000)  0.0000(999.0000)  0.0156(999.0000)  0.0000(999.0000)  0.0000(999.0000)  0.0000(999.0000)  0.0000(999.0000)  0.0210(-0.0317)  0.0000(-0.0317)  0.0156(999.0000)
rhinopithecus_roxellana    0.0000(999.0000)  0.0000(999.0000)  0.0000(999.0000)  0.0000(999.0000)  0.0156(999.0000)  0.0000(999.0000)  0.0000(999.0000)  0.0000(999.0000)  0.0000(999.0000)  0.0210(-0.0317)  0.0000(-0.0317)  0.0156(999.0000)  0.0000(999.0000)
aotus_nancymaae    0.0701(-0.0978)  0.0701(-0.0978)  0.0701(-0.0978)  0.0701(-0.0978)  0.0906( 0.5451)  0.0701(-0.0978)  0.0701(-0.0978)  0.0701(-0.0978)  0.0701(-0.0978)  0.0442(-0.0635)  0.0701(-0.0978)  0.0906( 0.5451)  0.0701(-0.0978)  0.0701(-0.0978)
cebus_capucinus    0.0443(-0.0643)  0.0443(-0.0643)  0.0443(-0.0643)  0.0443(-0.0643)  0.0629( 0.8775)  0.0443(-0.0643)  0.0443(-0.0643)  0.0443(-0.0643)  0.0443(-0.0643)  0.0210(-0.0312)  0.0443(-0.0643)  0.0629( 0.8775)  0.0443(-0.0643)  0.0443(-0.0643)  0.0210(-0.0309)
saimiri_boliviensis_boliviensis    0.0857( 2.0334)  0.0857( 2.0334)  0.0857( 2.0334)  0.0857( 2.0334)  0.1056( 2.9752)  0.0857( 2.0334)  0.0857( 2.0334)  0.0857( 2.0334)  0.0857( 2.0334)  0.0555( 3.7661)  0.0857( 2.0334)  0.1056( 2.9752)  0.0857( 2.0334)  0.0857( 2.0334)  0.0519( 3.3660)  0.0308(999.0000)
carlito_syrichta    0.0899( 7.4288)  0.0899( 7.4288)  0.0899( 7.4288)  0.0899( 7.4288)  0.1277(11.2820)  0.0899( 7.4288)  0.0899( 7.4288)  0.0899( 7.4288)  0.0899( 7.4288)  0.1066(999.0000)  0.0899( 7.4288)  0.1277(11.2820)  0.0899( 7.4288)  0.0899( 7.4288)  0.1667( 6.2786)  0.1352(12.7013)  0.1899(18.4528)
otolemur_garnettii    0.2874( 3.7638)  0.2874( 3.7638)  0.2874( 3.7638)  0.2874( 3.7638)  0.3452( 4.8829)  0.2874( 3.7638)  0.2874( 3.7638)  0.2874( 3.7638)  0.2874( 3.7638)  0.3368( 7.9706)  0.2874( 3.7638)  0.3452( 4.8829)  0.2874( 3.7638)  0.2874( 3.7638)  0.3703( 3.6199)  0.3350( 4.9317)  0.3240( 4.6073)  0.3030( 6.9755)
propithecus_coquereli    0.1951( 7.5966)  0.1951( 7.5966)  0.1951( 7.5966)  0.1951( 7.5966)  0.2154( 8.4442)  0.1951( 7.5966)  0.1951( 7.5966)  0.1951( 7.5966)  0.1951( 7.5966)  0.2625(26.7383)  0.1951( 7.5966)  0.2154( 8.4442)  0.1951( 7.5966)  0.1951( 7.5966)  0.3090( 7.6601)  0.2988(13.3247)  0.4928(23.0540)  0.2191(21.8850)  0.2918( 3.9372)
cavia_porcellus    0.4838( 5.0303)  0.4838( 5.0303)  0.4838( 5.0303)  0.4838( 5.0303)  0.3965( 3.6947)  0.4838( 5.0303)  0.4838( 5.0303)  0.4838( 5.0303)  0.4838( 5.0303)  0.5584( 9.2299)  0.4838( 5.0303)  0.6017( 6.6893)  0.4838( 5.0303)  0.4838( 5.0303)  0.7011( 6.1004)  0.6319( 7.5406)  0.8441(10.5982)  1.1057(20.5327)  1.2905( 9.1955)  0.7143( 8.6217)
chinchilla_lanigera    1.1362(30.9384)  1.1362(30.9384)  1.1362(30.9384)  1.1362(30.9384)  1.1810(31.7264)  1.1362(30.9384)  1.1362(30.9384)  1.1362(30.9384)  1.1362(30.9384)  1.6440(76.4465)  1.1362(30.9384)  1.1810(31.7264)  1.1362(30.9384)  1.1362(30.9384)  1.5559(30.5357)  1.8431(53.5499)  4.0706(118.7733)  0.9264(42.2012)  0.5232( 5.5440)  0.6301(16.5309)  0.9136(38.7731)
octodon_degus      0.7593( 4.3041)  0.7593( 4.3041)  0.7593( 4.3041)  0.7593( 4.3041)  0.7643( 4.2955)  0.7593( 4.3041)  0.7593( 4.3041)  0.7593( 4.3041)  0.7593( 4.3041)  0.9672( 8.4550)  0.7593( 4.3041)  0.8021( 4.6046)  0.7593( 4.3041)  0.7593( 4.3041)  1.0371( 5.1391)  1.0561( 7.0926)  0.9821( 6.3759)  0.7802( 6.4290)  2.0090(14.4155)  1.5711(11.1783)  0.4391( 2.5422)  1.1096(18.0509)
fukomys_damarensis    0.5985( 9.3353)  0.5985( 9.3353)  0.5985( 9.3353)  0.5985( 9.3353)  0.5416( 8.1825)  0.5985( 9.3353)  0.5985( 9.3353)  0.5985( 9.3353)  0.5985( 9.3353)  0.7166(17.7989)  0.5985( 9.3353)  0.6797(10.7752)  0.5985( 9.3353)  0.5985( 9.3353)  0.8278( 9.9871)  0.7891(13.4094)  0.5406( 8.4302)  0.9014(22.9887)  0.9946(16.6978)  1.0212(17.5907)  0.6004( 6.2208)  1.0095(24.6710)  0.7436( 3.9125)
heterocephalus_glaber_male    0.3738( 5.6561)  0.3738( 5.6561)  0.3738( 5.6561)  0.3738( 5.6561)  0.4416( 6.9751)  0.3738( 5.6561)  0.3738( 5.6561)  0.3738( 5.6561)  0.3738( 5.6561)  0.4303(10.9403)  0.3738( 5.6561)  0.4416( 6.9751)  0.3738( 5.6561)  0.3738( 5.6561)  0.5284( 6.1718)  0.4840( 8.2057)  0.3608( 5.4451)  0.6613(18.0506)  0.6930( 5.9359)  0.5645( 9.8571)  0.6153( 7.0536)  0.9527(25.4856)  0.4921( 2.1427)  0.1593( 5.0341)
ictidomys_tridecemlineatus    0.1932( 2.2066)  0.1932( 2.2066)  0.1932( 2.2066)  0.1932( 2.2066)  0.2170( 2.6820)  0.1932( 2.2066)  0.1932( 2.2066)  0.1932( 2.2066)  0.1932( 2.2066)  0.2800( 8.4186)  0.1932( 2.2066)  0.2170( 2.6820)  0.1932( 2.2066)  0.1932( 2.2066)  0.3272( 5.5060)  0.3272( 5.5060)  0.5989(11.6686)  0.2317( 6.5934)  0.8875( 7.4823)  0.5102( 9.5368)  0.4346( 2.5263)  1.1716(23.1850)  0.4673( 0.6895)  0.4812( 7.9335)  0.4366( 7.7696)
jaculus_jaculus    0.4491( 1.1708)  0.4491( 1.1708)  0.4491( 1.1708)  0.4491( 1.1708)  0.3810( 0.6535)  0.4491( 1.1708)  0.4491( 1.1708)  0.4491( 1.1708)  0.4491( 1.1708)  0.3960( 1.5404)  0.4491( 1.1708)  0.5415( 1.8318)  0.4491( 1.1708)  0.4491( 1.1708)  0.3457( 3.1733)  0.3970( 2.5730)  0.4706( 3.4233)  0.9849( 7.0605)  1.3020( 7.3226)  0.7290( 6.5506)  0.7798( 0.8485)  1.7935( 8.2604)  0.9558( 0.2488)  1.3103( 3.8833)  1.3371( 7.6040)  0.7957( 1.7864)
dipodomys_ordii    0.1913( 1.6167)  0.1913( 1.6167)  0.1913( 1.6167)  0.1913( 1.6167)  0.1700( 1.1486)  0.1913( 1.6167)  0.1913( 1.6167)  0.1913( 1.6167)  0.1913( 1.6167)  0.2284( 4.5721)  0.1913( 1.6167)  0.2219( 2.2101)  0.1913( 1.6167)  0.1913( 1.6167)  0.2089( 3.9832)  0.1823( 6.6783)  0.2833(11.4566)  0.2210( 4.3565)  0.6079( 4.5928)  0.3247( 4.5179)  0.3876( 3.6519)  0.7033(12.1368)  0.3833( 1.0050)  0.4030( 3.4885)  0.3943( 3.7733)  0.1228( 0.4208)  0.5040( 1.2281)
ailuropoda_melanoleuca    0.1055( 8.5416)  0.1055( 8.5416)  0.1055( 8.5416)  0.1055( 8.5416)  0.0829( 6.1296)  0.1055( 8.5416)  0.1055( 8.5416)  0.1055( 8.5416)  0.1055( 8.5416)  0.1298(999.0000)  0.1055( 8.5416)  0.1357(11.4291)  0.1055( 8.5416)  0.1055( 8.5416)  0.1858( 6.7746)  0.1584(14.3153)  0.2356(22.0232)  0.2057(999.0000)  0.4956(12.1195)  0.3100(29.9843)  0.4808( 7.3692)  1.7352(76.9175)  1.0151( 8.5297)  0.7233(17.3360)  0.6197(15.8458)  0.3080( 8.8466)  0.4880( 2.2147)  0.2108( 3.7186)
mustela_putorius_furo    0.3028(10.8837)  0.3028(10.8837)  0.3028(10.8837)  0.3028(10.8837)  0.2686( 9.2032)  0.3028(10.8837)  0.3028(10.8837)  0.3028(10.8837)  0.3028(10.8837)  0.3808(34.0505)  0.3028(10.8837)  0.3553(12.8763)  0.3028(10.8837)  0.3028(10.8837)  0.4319(17.1082)  0.4319(17.1082)  0.6748(27.4829)  0.3749(33.4076)  1.3502(21.7494)  1.4312(61.0836)  1.1314(17.8764) 45.4930(999.0000)  3.5294(30.1927)  3.0341(47.1719)  1.7299(29.0209)  0.7610(15.2822)  0.8433( 4.4411)  1.2780(51.6310)  0.0933( 6.3487)
canis_familiaris    0.0717(-0.1008)  0.0717(-0.1008)  0.0717(-0.1008)  0.0717(-0.1008)  0.0916( 0.4893)  0.0717(-0.1008)  0.0717(-0.1008)  0.0717(-0.1008)  0.0717(-0.1008)  0.0862( 1.9559)  0.0717(-0.1008)  0.0916( 0.4893)  0.0717(-0.1008)  0.0717(-0.1008)  0.1346( 4.3665)  0.1121( 9.6549)  0.1872(17.3627)  0.1256( 3.8968)  0.2890( 2.1404)  0.2123( 4.2205)  0.3578( 4.9966)  0.9992(17.7350)  0.5432( 1.5150)  0.6547( 7.0296)  0.4307( 4.3234)  0.2277( 1.2669)  0.3400( 0.9048)  0.1829( 6.4707)  0.1330( 4.1094)  0.3349( 6.6965)
felis_catus        0.1476( 0.8372)  0.1476( 0.8372)  0.1476( 0.8372)  0.1476( 0.8372)  0.1712( 1.3048)  0.1476( 0.8372)  0.1476( 0.8372)  0.1476( 0.8372)  0.1476( 0.8372)  0.1672( 2.8309)  0.1476( 0.8372)  0.1712( 1.3048)  0.1476( 0.8372)  0.1476( 0.8372)  0.2336( 1.3979)  0.2005( 2.0027)  0.2844( 3.7542)  0.2067( 4.0192)  0.4977( 3.5122)  0.3533( 5.2400)  0.5526( 2.7168)  0.8292(10.0322)  0.6101( 3.0182)  0.6159( 4.5131)  0.4130( 2.5840)  0.4222( 2.4262)  0.7278( 1.2362)  0.2316( 1.0969)  0.1638( 2.6194)  0.3683( 4.5597)  0.1808( 0.5452)
panthera_pardus    0.1476( 0.8372)  0.1476( 0.8372)  0.1476( 0.8372)  0.1476( 0.8372)  0.1712( 1.3048)  0.1476( 0.8372)  0.1476( 0.8372)  0.1476( 0.8372)  0.1476( 0.8372)  0.1672( 2.8309)  0.1476( 0.8372)  0.1712( 1.3048)  0.1476( 0.8372)  0.1476( 0.8372)  0.2336( 1.3979)  0.2005( 2.0027)  0.2844( 3.7542)  0.2067( 4.0192)  0.4977( 3.5122)  0.3533( 5.2400)  0.5526( 2.7168)  0.8292(10.0322)  0.6101( 3.0182)  0.6159( 4.5131)  0.4130( 2.5840)  0.4222( 2.4262)  0.7278( 1.2362)  0.2316( 1.0969)  0.1638( 2.6194)  0.3683( 4.5597)  0.1808( 0.5452)  0.0000( 0.5452)
panthera_tigris_altaica    0.1476( 0.8372)  0.1476( 0.8372)  0.1476( 0.8372)  0.1476( 0.8372)  0.1712( 1.3048)  0.1476( 0.8372)  0.1476( 0.8372)  0.1476( 0.8372)  0.1476( 0.8372)  0.1672( 2.8309)  0.1476( 0.8372)  0.1712( 1.3048)  0.1476( 0.8372)  0.1476( 0.8372)  0.2336( 1.3979)  0.2005( 2.0027)  0.2844( 3.7542)  0.2067( 4.0192)  0.4977( 3.5122)  0.3533( 5.2400)  0.5526( 2.7168)  0.8292(10.0322)  0.6101( 3.0182)  0.6159( 4.5131)  0.4130( 2.5840)  0.4222( 2.4262)  0.7278( 1.2362)  0.2316( 1.0969)  0.1638( 2.6194)  0.3683( 4.5597)  0.1808( 0.5452)  0.0000( 0.5452)  0.0000( 0.5452)
equus_caballus     0.1707( 2.9428)  0.1707( 2.9428)  0.1707( 2.9428)  0.1707( 2.9428)  0.2057( 3.9400)  0.1707( 2.9428)  0.1707( 2.9428)  0.1707( 2.9428)  0.1707( 2.9428)  0.2017( 7.8065)  0.1707( 2.9428)  0.2057( 3.9400)  0.1707( 2.9428)  0.1707( 2.9428)  0.2698( 3.5460)  0.2371( 5.1334)  0.3384( 8.1765)  0.2189( 8.6719)  0.5491( 6.1672)  0.4668(12.3177)  0.9614( 8.8792)  1.2771(23.7295)  1.1577(10.2361)  1.2959(16.1164)  0.8324(10.6115)  0.5417( 6.1042)  0.6546( 1.6405)  0.4378( 4.2342)  0.2857(11.5722)  0.5845(13.6225)  0.2044( 2.0582)  0.3163( 2.6796)  0.3163( 2.6796)  0.3163( 2.6796)
sus_scrofa         0.0868( 7.0486)  0.0868( 7.0486)  0.0868( 7.0486)  0.0868( 7.0486)  0.1097( 9.3519)  0.0868( 7.0486)  0.0868( 7.0486)  0.0868( 7.0486)  0.0868( 7.0486)  0.1174(999.0000)  0.0868( 7.0486)  0.1097( 9.3519)  0.0868( 7.0486)  0.0868( 7.0486)  0.1666( 6.1873)  0.1446(13.6826)  0.2344(23.1680)  0.1507(999.0000)  0.4372(11.0509)  0.3748(39.2316)  0.6346(11.0319)  4.5940(218.9727)  1.2446(11.3260)  0.9305(23.7324)  0.5566(14.7709)  0.4064(13.2262)  0.5715( 3.0775)  0.2935( 6.5331)  0.1719(999.0000)  0.5355(49.8425)  0.1108( 3.2321)  0.2012( 3.9196)  0.2012( 3.9196)  0.2012( 3.9196)  0.1222( 3.8968)
myotis_lucifugus    0.1489( 2.2746)  0.1489( 2.2746)  0.1489( 2.2746)  0.1489( 2.2746)  0.1744( 3.0073)  0.1489( 2.2746)  0.1489( 2.2746)  0.1489( 2.2746)  0.1489( 2.2746)  0.1862( 7.0252)  0.1489( 2.2746)  0.1744( 3.0073)  0.1489( 2.2746)  0.1489( 2.2746)  0.2232( 2.5327)  0.1987( 3.9275)  0.3121( 7.3613)  0.1712( 6.3001)  0.4148( 4.1514)  0.5253(14.2136)  0.8206( 7.3390)  9.4592(191.2889)  0.9460( 4.2032)  1.2286(15.3067)  0.7215( 8.9653)  0.4667( 8.8144)  0.6638( 1.6918)  0.3775( 3.3494)  0.2468( 9.7291)  0.2943( 5.7460)  0.1573( 1.0561)  0.2905( 2.2691)  0.2905( 2.2691)  0.2905( 2.2691)  0.4220(18.9720)  0.2422(10.1408)
pteropus_vampyrus    0.1055( 8.5416)  0.1055( 8.5416)  0.1055( 8.5416)  0.1055( 8.5416)  0.1357(11.4291)  0.1055( 8.5416)  0.1055( 8.5416)  0.1055( 8.5416)  0.1055( 8.5416)  0.1298(999.0000)  0.1055( 8.5416)  0.0829( 6.1296)  0.1055( 8.5416)  0.1055( 8.5416)  0.1858( 6.7746)  0.1584(14.3153)  0.2356(22.0232)  0.2057(999.0000)  0.4956(12.1195)  0.3100(29.9843)  0.5858( 9.4447)  1.7352(76.9175)  0.4956( 3.1475)  0.9428(23.2065)  0.6197(15.8458)  0.3384( 9.9250)  0.4093( 1.5109)  0.2261( 4.2605)  0.2010(999.0000)  0.5111(44.5092)  0.0905( 2.0883)  0.2230( 4.3654)  0.2230( 4.3654)  0.2230( 4.3654)  0.2857(11.5722)  0.1719(999.0000)  0.2468( 9.7291)
sorex_araneus      0.2053( 3.8823)  0.2053( 3.8823)  0.2053( 3.8823)  0.2053( 3.8823)  0.2036( 3.7542)  0.2053( 3.8823)  0.2053( 3.8823)  0.2053( 3.8823)  0.2053( 3.8823)  0.2481( 2.9684)  0.2053( 3.8823)  0.2572( 5.3173)  0.2053( 3.8823)  0.2053( 3.8823)  0.3474( 1.8992)  0.2944( 2.3485)  0.3604( 3.3441)  0.5704( 9.7091)  1.1281( 7.7740)  0.5340( 6.0280)  0.6840( 2.5608)  2.3761(24.0989)  1.2082( 5.7718)  1.1362( 7.2827)  0.8325( 5.2838)  0.5614( 3.9295)  0.4748( 0.5783)  0.5521( 2.4268)  0.2587( 3.0613)  0.2794( 2.9222)  0.3401( 1.7512)  0.4026( 1.4808)  0.4026( 1.4808)  0.4026( 1.4808)  0.4273( 2.8124)  0.3842( 5.8988)  0.5039( 3.7075)  0.3732( 5.3838)
loxodonta_africana    0.0898( 0.5206)  0.0898( 0.5206)  0.0898( 0.5206)  0.0898( 0.5206)  0.1150( 1.2851)  0.0898( 0.5206)  0.0898( 0.5206)  0.0898( 0.5206)  0.0898( 0.5206)  0.1044( 3.0525)  0.0898( 0.5206)  0.1150( 1.2851)  0.0898( 0.5206)  0.0898( 0.5206)  0.1643( 1.3438)  0.1334( 1.9657)  0.1927( 3.8302)  0.0884( 2.2114)  0.4079( 4.1349)  0.2288( 5.0076)  0.5639( 9.3426)  0.7524(33.8048)  0.6250( 4.7483)  0.5788(13.9859)  0.3906( 9.7236)  0.2488( 1.7296)  0.7307( 2.2430)  0.1820( 1.5064)  0.1688( 5.9180)  0.3343( 6.8344)  0.1241( 0.3483)  0.0947( 0.6092)  0.0947( 0.6092)  0.0947( 0.6092)  0.2467( 3.0209)  0.1360( 4.5971)  0.2066( 2.1494)  0.1688( 5.9180)  0.4260( 2.8175)

TREE #  1:  (40, (((((((21, 22), 23), (25, 24)), 26), (28, 27)), ((20, 19), (18, (((17, 16), 15), (((((2, 3), 1), 4), 5), (((14, 13), 12), (11, ((7, 6), ((9, 8), 10))))))))), (39, (((36, 35), (((33, 34), 32), (31, (30, 29)))), (38, 37)))));  MP score: -1.00
lnL(ntime: 78  np: 80):   -551.531513    +0.000000
  41..40   41..42   42..43   43..44   44..45   45..46   46..47   47..48   48..21   48..22   47..23   46..49   49..25   49..24   45..26   44..50   50..28   50..27   43..51   51..52   52..20   52..19   51..53   53..18   53..54   54..55   55..56   56..17   56..16   55..15   54..57   57..58   58..59   59..60   60..61   61..2    61..3    60..1    59..4    58..5    57..62   62..63   63..64   64..14   64..13   63..12   62..65   65..11   65..66   66..67   67..7    67..6    66..68   68..69   69..9    69..8    68..10   42..70   70..39   70..71   71..72   72..73   73..36   73..35   72..74   74..75   75..76   76..33   76..34   75..32   74..77   77..31   77..78   78..30   78..29   71..79   79..38   79..37 
 0.035664 0.034399 0.000004 0.025045 0.000004 0.055845 0.034633 0.000004 0.154069 0.121192 0.196107 0.098802 0.047672 0.081732 0.054973 0.025324 0.080206 0.330456 0.000004 0.018775 0.051217 0.180597 0.000004 0.067458 0.000004 0.044826 0.000004 0.021227 0.000004 0.021675 0.022091 0.000004 0.000004 0.000004 0.000004 0.000004 0.000004 0.000004 0.000004 0.021005 0.000004 0.000004 0.000004 0.000004 0.000004 0.021123 0.000004 0.000004 0.000004 0.000004 0.000004 0.000004 0.000004 0.000004 0.000004 0.000004 0.022092 0.000004 0.218360 0.000004 0.000004 0.023516 0.021829 0.101701 0.000004 0.097612 0.000004 0.000004 0.000004 0.000004 0.000004 0.046997 0.067511 0.073050 0.000004 0.000004 0.067822 0.096538 3.620353 2.065360

tree length =   2.68331

(loxodonta_africana, (((((((cavia_porcellus, chinchilla_lanigera), octodon_degus), (heterocephalus_glaber_male, fukomys_damarensis)), ictidomys_tridecemlineatus), (dipodomys_ordii, jaculus_jaculus)), ((propithecus_coquereli, otolemur_garnettii), (carlito_syrichta, (((saimiri_boliviensis_boliviensis, cebus_capucinus), aotus_nancymaae), (((((pan_paniscus, pan_troglodytes), homo_sapiens), gorilla_gorilla), nomascus_leucogenys), (((rhinopithecus_roxellana, rhinopithecus_bieti), colobus_angolensis_palliatus), (chlorocebus_sabaeus, ((mandrillus_leucophaeus, cercocebus_atys), ((macaca_mulatta, macaca_fascicularis), macaca_nemestrina))))))))), (sorex_araneus, (((sus_scrofa, equus_caballus), (((panthera_pardus, panthera_tigris_altaica), felis_catus), (canis_familiaris, (mustela_putorius_furo, ailuropoda_melanoleuca)))), (pteropus_vampyrus, myotis_lucifugus)))));

(loxodonta_africana: 0.035664, (((((((cavia_porcellus: 0.154069, chinchilla_lanigera: 0.121192): 0.000004, octodon_degus: 0.196107): 0.034633, (heterocephalus_glaber_male: 0.047672, fukomys_damarensis: 0.081732): 0.098802): 0.055845, ictidomys_tridecemlineatus: 0.054973): 0.000004, (dipodomys_ordii: 0.080206, jaculus_jaculus: 0.330456): 0.025324): 0.025045, ((propithecus_coquereli: 0.051217, otolemur_garnettii: 0.180597): 0.018775, (carlito_syrichta: 0.067458, (((saimiri_boliviensis_boliviensis: 0.021227, cebus_capucinus: 0.000004): 0.000004, aotus_nancymaae: 0.021675): 0.044826, (((((pan_paniscus: 0.000004, pan_troglodytes: 0.000004): 0.000004, homo_sapiens: 0.000004): 0.000004, gorilla_gorilla: 0.000004): 0.000004, nomascus_leucogenys: 0.021005): 0.000004, (((rhinopithecus_roxellana: 0.000004, rhinopithecus_bieti: 0.000004): 0.000004, colobus_angolensis_palliatus: 0.021123): 0.000004, (chlorocebus_sabaeus: 0.000004, ((mandrillus_leucophaeus: 0.000004, cercocebus_atys: 0.000004): 0.000004, ((macaca_mulatta: 0.000004, macaca_fascicularis: 0.000004): 0.000004, macaca_nemestrina: 0.022092): 0.000004): 0.000004): 0.000004): 0.000004): 0.022091): 0.000004): 0.000004): 0.000004): 0.000004, (sorex_araneus: 0.218360, (((sus_scrofa: 0.021829, equus_caballus: 0.101701): 0.023516, (((panthera_pardus: 0.000004, panthera_tigris_altaica: 0.000004): 0.000004, felis_catus: 0.000004): 0.097612, (canis_familiaris: 0.046997, (mustela_putorius_furo: 0.073050, ailuropoda_melanoleuca: 0.000004): 0.067511): 0.000004): 0.000004): 0.000004, (pteropus_vampyrus: 0.067822, myotis_lucifugus: 0.096538): 0.000004): 0.000004): 0.000004): 0.034399);

Detailed output identifying parameters

Parameters (kappa) in the rate matrix (HKY85) (Yang 1994 J Mol Evol 39:105-111):
  3.62035

alpha (gamma, K=5) =  2.06536
rate:   0.26251  0.55684  0.84742  1.22984  2.10338
freq:   0.20000  0.20000  0.20000  0.20000  0.20000

