
BASEML (in paml version 4.9h, March 2018)  ../../0_chopped_alignments/segment_11935_12275_204_254/alignment.fa  HKY85 dGamma (ncatG=5)
Frequencies..
                                    T      C      A      G
homo_sapiens                   0.36585 0.34146 0.24390 0.04878 GC = 0.390
pan_paniscus                   0.36585 0.34146 0.24390 0.04878 GC = 0.390
pan_troglodytes                0.36585 0.34146 0.24390 0.04878 GC = 0.390
gorilla_gorilla                0.36585 0.34146 0.24390 0.04878 GC = 0.390
nomascus_leucogenys            0.36585 0.34146 0.24390 0.04878 GC = 0.390
cercocebus_atys                0.39024 0.31707 0.24390 0.04878 GC = 0.366
mandrillus_leucophaeus         0.39024 0.31707 0.24390 0.04878 GC = 0.366
macaca_fascicularis            0.39024 0.31707 0.24390 0.04878 GC = 0.366
macaca_mulatta                 0.39024 0.31707 0.24390 0.04878 GC = 0.366
macaca_nemestrina              0.39024 0.31707 0.24390 0.04878 GC = 0.366
chlorocebus_sabaeus            0.39024 0.31707 0.24390 0.04878 GC = 0.366
colobus_angolensis_palliatus   0.41463 0.31707 0.21951 0.04878 GC = 0.366
rhinopithecus_bieti            0.36585 0.31707 0.26829 0.04878 GC = 0.366
rhinopithecus_roxellana        0.36585 0.31707 0.26829 0.04878 GC = 0.366
aotus_nancymaae                0.39024 0.29268 0.24390 0.07317 GC = 0.366
cebus_capucinus                0.36585 0.29268 0.24390 0.09756 GC = 0.390
saimiri_boliviensis_boliviensis 0.34146 0.31707 0.26829 0.07317 GC = 0.390
carlito_syrichta               0.36585 0.31707 0.24390 0.07317 GC = 0.390
otolemur_garnettii             0.40000 0.22500 0.32500 0.05000 GC = 0.275
propithecus_coquereli          0.32500 0.30000 0.30000 0.07500 GC = 0.375
cavia_porcellus                0.46341 0.21951 0.19512 0.12195 GC = 0.341
chinchilla_lanigera            0.34146 0.29268 0.24390 0.12195 GC = 0.415
octodon_degus                  0.31707 0.31707 0.24390 0.12195 GC = 0.439
fukomys_damarensis             0.39024 0.31707 0.21951 0.07317 GC = 0.390
heterocephalus_glaber_male     0.34146 0.31707 0.26829 0.07317 GC = 0.390
jaculus_jaculus                0.42500 0.25000 0.20000 0.12500 GC = 0.375
ailuropoda_melanoleuca         0.39024 0.31707 0.19512 0.09756 GC = 0.415
mustela_putorius_furo          0.41463 0.29268 0.21951 0.07317 GC = 0.366
canis_familiaris               0.32000 0.38000 0.18000 0.12000 GC = 0.500
felis_catus                    0.32000 0.38000 0.14000 0.16000 GC = 0.540
panthera_pardus                0.31707 0.36585 0.19512 0.12195 GC = 0.488
panthera_tigris_altaica        0.31707 0.36585 0.19512 0.12195 GC = 0.488
equus_caballus                 0.41667 0.31250 0.16667 0.10417 GC = 0.417
sus_scrofa                     0.38000 0.34000 0.18000 0.10000 GC = 0.440
myotis_lucifugus               0.41463 0.31707 0.19512 0.07317 GC = 0.390
pteropus_vampyrus              0.29268 0.36585 0.19512 0.14634 GC = 0.512
loxodonta_africana             0.36585 0.29268 0.21951 0.12195 GC = 0.415

Homogeneity statistic: X2 = 0.99236 G = 0.98362 

Average                        0.37080 0.31848 0.22868 0.08204
(Ambiguity characters are used to calculate freqs.)


# constant sites:      5 (10.00%)
Distances:HKY85 (kappa)  (alpha set at 0.50)
This matrix is not used in later m.l. analysis.

(Pairwise deletion.)
homo_sapiens     
pan_paniscus       0.0000( 0.0000)
pan_troglodytes    0.0000( 0.0000)  0.0000( 0.0000)
gorilla_gorilla    0.0000( 0.0000)  0.0000( 0.0000)  0.0000( 0.0000)
nomascus_leucogenys    0.0000( 0.0000)  0.0000( 0.0000)  0.0000( 0.0000)  0.0000( 0.0000)
cercocebus_atys    0.0149(999.0000)  0.0149(999.0000)  0.0149(999.0000)  0.0149(999.0000)  0.0149(999.0000)
mandrillus_leucophaeus    0.0149(999.0000)  0.0149(999.0000)  0.0149(999.0000)  0.0149(999.0000)  0.0149(999.0000)  0.0000(999.0000)
macaca_fascicularis    0.0149(999.0000)  0.0149(999.0000)  0.0149(999.0000)  0.0149(999.0000)  0.0149(999.0000)  0.0000(999.0000)  0.0000(999.0000)
macaca_mulatta     0.0149(999.0000)  0.0149(999.0000)  0.0149(999.0000)  0.0149(999.0000)  0.0149(999.0000)  0.0000(999.0000)  0.0000(999.0000)  0.0000(999.0000)
macaca_nemestrina    0.0149(999.0000)  0.0149(999.0000)  0.0149(999.0000)  0.0149(999.0000)  0.0149(999.0000)  0.0000(999.0000)  0.0000(999.0000)  0.0000(999.0000)  0.0000(999.0000)
chlorocebus_sabaeus    0.0149(999.0000)  0.0149(999.0000)  0.0149(999.0000)  0.0149(999.0000)  0.0149(999.0000)  0.0000(999.0000)  0.0000(999.0000)  0.0000(999.0000)  0.0000(999.0000)  0.0000(999.0000)
colobus_angolensis_palliatus    0.3519(17.5191)  0.3519(17.5191)  0.3519(17.5191)  0.3519(17.5191)  0.3519(17.5191)  0.3344(16.6803)  0.3344(16.6803)  0.3344(16.6803)  0.3344(16.6803)  0.3344(16.6803)  0.3344(16.6803)
rhinopithecus_bieti    0.0418( 0.9043)  0.0418( 0.9043)  0.0418( 0.9043)  0.0418( 0.9043)  0.0418( 0.9043)  0.0259(-0.0447)  0.0259(-0.0447)  0.0259(-0.0447)  0.0259(-0.0447)  0.0259(-0.0447)  0.0259(-0.0447)  0.3889( 8.5357)
rhinopithecus_roxellana    0.0418( 0.9043)  0.0418( 0.9043)  0.0418( 0.9043)  0.0418( 0.9043)  0.0418( 0.9043)  0.0259(-0.0447)  0.0259(-0.0447)  0.0259(-0.0447)  0.0259(-0.0447)  0.0259(-0.0447)  0.0259(-0.0447)  0.3889( 8.5357)  0.0000( 8.5357)
aotus_nancymaae    0.2407(12.6211)  0.2407(12.6211)  0.2407(12.6211)  0.2407(12.6211)  0.2407(12.6211)  0.2599(13.8466)  0.2599(13.8466)  0.2599(13.8466)  0.2599(13.8466)  0.2599(13.8466)  0.2599(13.8466)  1.1965(29.1774)  0.3049( 6.9756)  0.3049( 6.9756)
cebus_capucinus    0.2481( 5.2475)  0.2481( 5.2475)  0.2481( 5.2475)  0.2481( 5.2475)  0.2481( 5.2475)  0.2697( 5.8783)  0.2697( 5.8783)  0.2697( 5.8783)  0.2697( 5.8783)  0.2697( 5.8783)  0.2697( 5.8783)  0.9869(14.1957)  0.3165( 3.8701)  0.3165( 3.8701)  0.1472( 7.6283)
saimiri_boliviensis_boliviensis    0.9879(26.0682)  0.9879(26.0682)  0.9879(26.0682)  0.9879(26.0682)  0.9879(26.0682)  1.0137(26.8825)  1.0137(26.8825)  1.0137(26.8825)  1.0137(26.8825)  1.0137(26.8825)  1.0137(26.8825) 12.9501(206.9846)  1.1479(18.7474)  1.1479(18.7474)  0.5222(31.6236)  0.1164(999.0000)
carlito_syrichta    1.4502(21.6862)  1.4502(21.6862)  1.4502(21.6862)  1.4502(21.6862)  1.4502(21.6862)  1.5006(22.5932)  1.5006(22.5932)  1.5006(22.5932)  1.5006(22.5932)  1.5006(22.5932)  1.5006(22.5932)  2.1510(20.4245)  1.7080(17.8368)  1.7080(17.8368)  0.4429( 3.3682)  0.4383( 1.9774)  1.2910( 9.1730)
otolemur_garnettii    2.0243(35.8811)  2.0243(35.8811)  2.0243(35.8811)  2.0243(35.8811)  2.0243(35.8811)  2.0243(35.8811)  2.0243(35.8811)  2.0243(35.8811)  2.0243(35.8811)  2.0243(35.8811)  2.0243(35.8811)  2.9932(33.9252)  2.3711(29.3040)  2.3711(29.3040)  0.4973( 4.6308)  0.5372( 3.2100)  1.5654(13.2276)  0.7125( 7.3610)
propithecus_coquereli    1.3298(21.9185)  1.3298(21.9185)  1.3298(21.9185)  1.3298(21.9185)  1.3298(21.9185)  1.3298(21.9185)  1.3298(21.9185)  1.3298(21.9185)  1.3298(21.9185)  1.3298(21.9185)  1.3298(21.9185)  1.7795(18.5603)  1.5138(17.2371)  1.5138(17.2371)  0.5421( 4.9335)  0.6086( 3.7004)  1.3545(10.6676)  0.3538( 2.5711)  0.4037(11.8668)
cavia_porcellus  5493.8164(999.0000)5493.8164(999.0000)5493.8164(999.0000)5493.8164(999.0000)5493.8164(999.0000)5421.4058(999.0000)5421.4058(999.0000)5421.4058(999.0000)5421.4058(999.0000)5421.4058(999.0000)5421.4058(999.0000)  9.0000(999.0000)  9.0000(999.0000)  9.0000(999.0000)  9.0000(999.0000)  9.0000(999.0000)  9.0000(999.0000) 94.6904(555.4799)  9.0000(999.0000) 24.3105(156.8809)
chinchilla_lanigera    3.5062(27.3740)  3.5062(27.3740)  3.5062(27.3740)  3.5062(27.3740)  3.5062(27.3740)  3.5200(27.6120)  3.5200(27.6120)  3.5200(27.6120)  3.5200(27.6120)  3.5200(27.6120)  3.5200(27.6120)  6.2907(34.7559)  4.1062(24.7101)  4.1062(24.7101) 25.9963(164.1747)379.3978(999.0000)  9.0000(999.0000)  2.8017(16.0692) 53.2481(383.2039)  2.1558(13.0078)  0.7333( 7.2219)
octodon_degus      3.7056(28.9599)  3.7056(28.9599)  3.7056(28.9599)  3.7056(28.9599)  3.7056(28.9599)  3.6245(28.3538)  3.6245(28.3538)  3.6245(28.3538)  3.6245(28.3538)  3.6245(28.3538)  3.6245(28.3538)  0.6576( 2.1854)  4.2207(25.3601)  4.2207(25.3601) 26.3021(165.1879) 14.3375(69.0513) 39.4689(195.3687)  3.3609(19.5514) 54.6658(385.3568)  2.4694(15.0979)  2.0342(22.8181)  0.6773( 6.8437)
fukomys_damarensis    1.2741(30.7677)  1.2741(30.7677)  1.2741(30.7677)  1.2741(30.7677)  1.2741(30.7677)  1.3180(32.0493)  1.3180(32.0493)  1.3180(32.0493)  1.3180(32.0493)  1.3180(32.0493)  1.3180(32.0493)  1.8709(25.5469)  1.5006(22.5932)  1.5006(22.5932)  4.3925(68.5615)  3.0332(32.1167)  9.0000(999.0000)  1.0637(15.3212)  8.1423(148.3795)  1.5074(24.7150)  0.7343( 4.0396)  0.4166( 1.7733)  0.5838( 3.1310)
heterocephalus_glaber_male    1.0166(26.8719)  1.0166(26.8719)  1.0166(26.8719)  1.0166(26.8719)  1.0166(26.8719)  1.0521(27.9623)  1.0521(27.9623)  1.0521(27.9623)  1.0521(27.9623)  1.0521(27.9623)  1.0521(27.9623)  1.4452(21.7010)  1.1907(19.5095)  1.1907(19.5095)  3.1500(53.6956)  2.2154(25.3480)2498.3111(999.0000)  0.8506(13.2015)  5.7221(112.9366)  0.9566(16.4480)  0.7282(11.0843)  0.2299( 2.4968)  0.3406( 4.5401)  0.0728( 0.3976)
jaculus_jaculus    5.3235(38.3767)  5.3235(38.3767)  5.3235(38.3767)  5.3235(38.3767)  5.3235(38.3767)  5.1524(37.5270)  5.1524(37.5270)  5.1524(37.5270)  5.1524(37.5270)  5.1524(37.5270)  5.1524(37.5270) 10.8148(54.6797)  6.1729(34.3856)  6.1729(34.3856) 91.2084(531.1776) 35.4377(158.3219)  4.8933(20.3826) 92.2993(530.5777)  9.0000(999.0000)  9.0000(999.0000) 14.0279(81.4437) 29.5736(352.6166)  7.4527(44.2329) 52.4494(387.7239)364754.5593(999.0000)
ailuropoda_melanoleuca    3.7636(92.5101)  3.7636(92.5101)  3.7636(92.5101)  3.7636(92.5101)  3.7636(92.5101)  3.8161(94.3201)  3.8161(94.3201)  3.8161(94.3201)  3.8161(94.3201)  3.8161(94.3201)  3.8161(94.3201)  6.8123(95.5921)  4.5976(71.3666)  4.5976(71.3666)  0.8797(12.3223)  0.8702( 7.9742)  3.1938(33.7165)  0.6604( 8.8102)  1.0494(17.1787)  1.0176(15.8480)  1.1257( 6.9694)  0.8929( 5.6200)  1.0851( 7.1484)  0.3957( 8.3542)  0.3182( 7.0864)  9.0000(999.0000)
mustela_putorius_furo    3.9731(999.0000)  3.9731(999.0000)  3.9731(999.0000)  3.9731(999.0000)  3.9731(999.0000)  4.0322(999.0000)  4.0322(999.0000)  4.0322(999.0000)  4.0322(999.0000)  4.0322(999.0000)  4.0322(999.0000)  6.9598(373.5425)  5.0771(299.8359)  5.0771(299.8359)  0.7486(42.5746)  0.7208(18.3081)  2.8648(78.0913)  0.8891(12.6340)  0.5039( 7.5830)  1.6734(27.8310)  3.6911(27.0563)  1.0454( 6.9803)  1.3459( 9.4004)  0.4912(10.9331)  0.3927( 9.3012)  9.0000(999.0000)  0.0726( 0.3392)
canis_familiaris    0.4047(21.8576)  0.4047(21.8576)  0.4047(21.8576)  0.4047(21.8576)  0.4047(21.8576)  0.5006(27.3481)  0.5006(27.3481)  0.5006(27.3481)  0.5006(27.3481)  0.5006(27.3481)  0.5006(27.3481)  1.1705(27.6398)  0.4686(11.3115)  0.4686(11.3115)  0.2186( 4.3498)  0.2732( 2.9992)  0.3707( 4.7268)  0.7502(18.8078)  0.9978(28.4876)  1.4473(41.2123)  9.0000(999.0000)  4.8606(55.9512)  5.1347(59.3989)  1.9596(110.1085)  1.5181(93.2475)  7.7810(82.1108)  0.4991(26.6278)  0.5988(32.5917)
felis_catus       11.0634(169.1316) 11.0634(169.1316) 11.0634(169.1316) 11.0634(169.1316) 11.0634(169.1316) 11.2066(170.9786) 11.2066(170.9786) 11.2066(170.9786) 11.2066(170.9786) 11.2066(170.9786) 11.2066(170.9786) 35.6123(345.8475) 14.4115(155.3603) 14.4115(155.3603)  1.9558(19.5162)  1.9027(13.6080)  9.4276(74.5736)  0.7380( 6.4036)  1.9189(21.2162)  1.5075(16.0222) 11.6271(63.3659)  1.9119(10.0816)  1.9088(10.0956)  0.7821(10.4468)  0.6842( 9.8843)  9.0000(999.0000)  0.3212( 3.3902)  0.3706( 4.1659)  0.6963(20.3610)
panthera_pardus    2.9851(44.9144)  2.9851(44.9144)  2.9851(44.9144)  2.9851(44.9144)  2.9851(44.9144)  3.1767(47.8948)  3.1767(47.8948)  3.1767(47.8948)  3.1767(47.8948)  3.1767(47.8948)  3.1767(47.8948)  5.0374(48.1847)  3.6822(38.9459)  3.6822(38.9459)  1.0344( 9.6930)  1.0848( 7.1303)  2.6584(20.0391)  0.8014( 7.1481)  1.0420(10.9578)  1.2209(12.8008)  9.0000(999.0000)  7.6960(45.8810)  7.6892(45.8898)  2.1853(32.1307)  1.7229(27.5920) 15.2296(82.5620)  0.6517( 8.4552)  0.7432( 9.9573)  0.5117(12.1637)  0.1067(999.0000)
panthera_tigris_altaica    2.9851(44.9144)  2.9851(44.9144)  2.9851(44.9144)  2.9851(44.9144)  2.9851(44.9144)  3.1767(47.8948)  3.1767(47.8948)  3.1767(47.8948)  3.1767(47.8948)  3.1767(47.8948)  3.1767(47.8948)  5.0374(48.1847)  3.6822(38.9459)  3.6822(38.9459)  1.0344( 9.6930)  1.0848( 7.1303)  2.6584(20.0391)  0.8014( 7.1481)  1.0420(10.9578)  1.2209(12.8008)  9.0000(999.0000)  7.6960(45.8810)  7.6892(45.8898)  2.1853(32.1307)  1.7229(27.5920) 15.2296(82.5620)  0.6517( 8.4552)  0.7432( 9.9573)  0.5117(12.1637)  0.1067(999.0000)  0.0000(999.0000)
equus_caballus     0.5262( 6.0350)  0.5262( 6.0350)  0.5262( 6.0350)  0.5262( 6.0350)  0.5262( 6.0350)  0.5878( 6.9670)  0.5878( 6.9670)  0.5878( 6.9670)  0.5878( 6.9670)  0.5878( 6.9670)  0.5878( 6.9670)  1.5463(34.0199)  0.6738( 5.2559)  0.6738( 5.2559)  1.3558(12.0967)  1.2401( 7.5467) 10.2960(75.0694)  1.5986(14.4232) 16.6177(194.6948)  1.6410(16.5366)  0.8125( 2.5743)  0.5876( 1.6248)  0.9179( 3.4413)  0.2794( 2.4621)  0.2234( 1.8877)  9.0000(999.0000)  0.2080( 9.3477)  0.3702( 3.7717)  0.4406(11.3813)  0.6253( 6.0907)  2.9752(27.2373)  2.9752(27.2373)
sus_scrofa         1.9519(26.5465)  1.9519(26.5465)  1.9519(26.5465)  1.9519(26.5465)  1.9519(26.5465)  2.0512(28.1472)  2.0512(28.1472)  2.0512(28.1472)  2.0512(28.1472)  2.0512(28.1472)  2.0512(28.1472)  0.9398( 7.1005)  2.3602(22.5573)  2.3602(22.5573)  8.4980(84.5769)  5.4063(38.8883)  9.0000(999.0000)  1.6239(14.8435) 19.5647(229.8241)  4.0619(44.0041)  1.0831( 4.1730)  0.7087( 2.4627)  0.4488( 0.9736)  0.1212( 4.9789)  0.2581( 2.5437) 33.8108(336.0678)  0.4935( 5.5560)  0.6007( 7.2009)  2.5728(46.2555)  1.3599(11.0434)  3.2448(30.2375)  3.2448(30.2375)  0.6115( 3.7503)
myotis_lucifugus    6.5719(351.6673)  6.5719(351.6673)  6.5719(351.6673)  6.5719(351.6673)  6.5719(351.6673)  6.4010(345.7970)  6.4010(345.7970)  6.4010(345.7970)  6.4010(345.7970)  6.4010(345.7970)  6.4010(345.7970) 13.9944(322.9274)  8.6302(220.6278)  8.6302(220.6278)  3.5479(89.3142)  2.7010(41.1801)26164.1316(999.0000)  1.5945(14.5049)  1.7557(18.8946)  1.3751(13.5714)  0.8163( 2.6353)  1.3808( 6.1212)  1.5485( 6.9650)  0.5221( 5.9334)  0.6055( 7.9402)  9.0000(999.0000)  0.3644( 3.6471)  0.3172(15.4559)  2.4217(58.3215)  1.1201( 9.4281)  3.0606(28.0952)  3.0606(28.0952)  0.5763( 3.7838)  0.5830( 2.4377)
pteropus_vampyrus    0.8493(21.2483)  0.8493(21.2483)  0.8493(21.2483)  0.8493(21.2483)  0.8493(21.2483)  1.0349(26.2041)  1.0349(26.2041)  1.0349(26.2041)  1.0349(26.2041)  1.0349(26.2041)  1.0349(26.2041)  2.5004(36.9803)  1.1984(18.6945)  1.1984(18.6945)  0.5024( 6.8117)  0.4716( 3.8673)  0.7687( 7.4330)  0.9186(13.7962)  2.8880(51.7472) 16.9717(306.1893) 92.5005(742.7355)  1.3941(10.4037) 21.3061(183.8056)  3.5799(93.5995)  2.5625(72.5698) 89.7556(706.1604)  1.0748(26.8131)  1.2500(31.7040)  0.3671(20.8229)  2.4054(38.4934)  1.0881(16.4971)  1.0881(16.4971)  1.6289(23.0970)  6.6755(100.3927)  6.4243(95.7047)
loxodonta_africana    1.9359(51.2143)  1.9359(51.2143)  1.9359(51.2143)  1.9359(51.2143)  1.9359(51.2143)  2.0486(54.5881)  2.0486(54.5881)  2.0486(54.5881)  2.0486(54.5881)  2.0486(54.5881)  2.0486(54.5881)  2.9639(45.1631)  2.3394(38.8201)  2.3394(38.8201)  0.7314(10.9164)  0.7681( 7.4917)  1.9301(21.5388)  0.7533(11.2185)  0.7316(12.3259)  0.7599(12.2732)466.2823(999.0000)  4.0977(34.4283)  5.7802(49.0548)  1.5313(39.9159)  1.4196(40.0770)  6.3410(50.3238)  0.5117(12.1637)  0.5941(14.6274)  0.4329(24.7404)  0.4006( 5.0275)  0.2130( 1.9395)  0.2130( 1.9395)  1.8307(26.7850)  2.1677(32.2685)  1.9026(28.1733)  0.8129(21.4663)

TREE #  1:  (37, ((((((21, 22), 23), (25, 24)), 26), ((20, 19), (18, (((17, 16), 15), (((((2, 3), 1), 4), 5), (((14, 13), 12), (11, ((7, 6), ((9, 8), 10))))))))), (((34, 33), (((31, 32), 30), (29, (28, 27)))), (36, 35))));  MP score: -1.00
lnL(ntime: 72  np: 74):   -546.868585    +0.000000
  38..37   38..39   39..40   40..41   41..42   42..43   43..44   44..21   44..22   43..23   42..45   45..25   45..24   41..26   40..46   46..47   47..20   47..19   46..48   48..18   48..49   49..50   50..51   51..17   51..16   50..15   49..52   52..53   53..54   54..55   55..56   56..2    56..3    55..1    54..4    53..5    52..57   57..58   58..59   59..14   59..13   58..12   57..60   60..11   60..61   61..62   62..7    62..6    61..63   63..64   64..9    64..8    63..10   39..65   65..66   66..67   67..34   67..33   66..68   68..69   69..70   70..31   70..32   69..30   68..71   71..29   71..72   72..28   72..27   65..73   73..36   73..35 
 0.169023 0.003384 0.082409 0.070966 0.000004 0.031105 0.000004 0.273842 0.120620 0.225384 0.015737 0.000004 0.082296 0.520955 0.054546 0.091797 0.125949 0.141319 0.000004 0.144922 0.058365 0.026215 0.052623 0.051778 0.000004 0.000004 0.051518 0.000004 0.000004 0.000004 0.000004 0.000004 0.000004 0.000004 0.000004 0.000004 0.025087 0.000004 0.025538 0.000004 0.000004 0.053065 0.000004 0.000004 0.000004 0.000004 0.000004 0.000004 0.000004 0.000004 0.000004 0.000004 0.000004 0.000004 0.000004 0.006201 0.277155 0.084875 0.000004 0.120634 0.032132 0.000004 0.000004 0.014400 0.000004 0.109644 0.000004 0.052354 0.025276 0.000004 0.237677 0.173638 5.179472 2.324583

tree length =   3.63258

(loxodonta_africana, ((((((cavia_porcellus, chinchilla_lanigera), octodon_degus), (heterocephalus_glaber_male, fukomys_damarensis)), jaculus_jaculus), ((propithecus_coquereli, otolemur_garnettii), (carlito_syrichta, (((saimiri_boliviensis_boliviensis, cebus_capucinus), aotus_nancymaae), (((((pan_paniscus, pan_troglodytes), homo_sapiens), gorilla_gorilla), nomascus_leucogenys), (((rhinopithecus_roxellana, rhinopithecus_bieti), colobus_angolensis_palliatus), (chlorocebus_sabaeus, ((mandrillus_leucophaeus, cercocebus_atys), ((macaca_mulatta, macaca_fascicularis), macaca_nemestrina))))))))), (((sus_scrofa, equus_caballus), (((panthera_pardus, panthera_tigris_altaica), felis_catus), (canis_familiaris, (mustela_putorius_furo, ailuropoda_melanoleuca)))), (pteropus_vampyrus, myotis_lucifugus))));

(loxodonta_africana: 0.169023, ((((((cavia_porcellus: 0.273842, chinchilla_lanigera: 0.120620): 0.000004, octodon_degus: 0.225384): 0.031105, (heterocephalus_glaber_male: 0.000004, fukomys_damarensis: 0.082296): 0.015737): 0.000004, jaculus_jaculus: 0.520955): 0.070966, ((propithecus_coquereli: 0.125949, otolemur_garnettii: 0.141319): 0.091797, (carlito_syrichta: 0.144922, (((saimiri_boliviensis_boliviensis: 0.051778, cebus_capucinus: 0.000004): 0.052623, aotus_nancymaae: 0.000004): 0.026215, (((((pan_paniscus: 0.000004, pan_troglodytes: 0.000004): 0.000004, homo_sapiens: 0.000004): 0.000004, gorilla_gorilla: 0.000004): 0.000004, nomascus_leucogenys: 0.000004): 0.000004, (((rhinopithecus_roxellana: 0.000004, rhinopithecus_bieti: 0.000004): 0.025538, colobus_angolensis_palliatus: 0.053065): 0.000004, (chlorocebus_sabaeus: 0.000004, ((mandrillus_leucophaeus: 0.000004, cercocebus_atys: 0.000004): 0.000004, ((macaca_mulatta: 0.000004, macaca_fascicularis: 0.000004): 0.000004, macaca_nemestrina: 0.000004): 0.000004): 0.000004): 0.000004): 0.025087): 0.051518): 0.058365): 0.000004): 0.054546): 0.082409, (((sus_scrofa: 0.277155, equus_caballus: 0.084875): 0.006201, (((panthera_pardus: 0.000004, panthera_tigris_altaica: 0.000004): 0.032132, felis_catus: 0.014400): 0.120634, (canis_familiaris: 0.109644, (mustela_putorius_furo: 0.052354, ailuropoda_melanoleuca: 0.025276): 0.000004): 0.000004): 0.000004): 0.000004, (pteropus_vampyrus: 0.237677, myotis_lucifugus: 0.173638): 0.000004): 0.000004): 0.003384);

Detailed output identifying parameters

Parameters (kappa) in the rate matrix (HKY85) (Yang 1994 J Mol Evol 39:105-111):
  5.17947

alpha (gamma, K=5) =  2.32458
rate:   0.29039  0.58398  0.86384  1.22550  2.03629
freq:   0.20000  0.20000  0.20000  0.20000  0.20000

