
BASEML (in paml version 4.9h, March 2018)  ../../0_chopped_alignments/segment_10270_10563_141_191/alignment.fa  HKY85 dGamma (ncatG=5)
Frequencies..
                                    T      C      A      G
homo_sapiens                   0.40000 0.28000 0.16000 0.16000 GC = 0.440
pan_paniscus                   0.40000 0.26000 0.16000 0.18000 GC = 0.440
pan_troglodytes                0.40000 0.26000 0.16000 0.18000 GC = 0.440
gorilla_gorilla                0.40000 0.26000 0.14000 0.20000 GC = 0.460
nomascus_leucogenys            0.40000 0.22000 0.18000 0.20000 GC = 0.420
cercocebus_atys                0.40426 0.25532 0.17021 0.17021 GC = 0.426
mandrillus_leucophaeus         0.40426 0.23404 0.17021 0.19149 GC = 0.426
macaca_fascicularis            0.40426 0.23404 0.17021 0.19149 GC = 0.426
macaca_mulatta                 0.44681 0.23404 0.17021 0.14894 GC = 0.383
macaca_nemestrina              0.40426 0.23404 0.17021 0.19149 GC = 0.426
chlorocebus_sabaeus            0.46000 0.20000 0.16000 0.18000 GC = 0.380
colobus_angolensis_palliatus   0.42000 0.26000 0.16000 0.16000 GC = 0.420
rhinopithecus_bieti            0.42000 0.24000 0.16000 0.18000 GC = 0.420
rhinopithecus_roxellana        0.42000 0.24000 0.16000 0.18000 GC = 0.420
aotus_nancymaae                0.42000 0.22000 0.22000 0.14000 GC = 0.360
cebus_capucinus                0.42000 0.22000 0.18000 0.18000 GC = 0.400
saimiri_boliviensis_boliviensis 0.42000 0.22000 0.20000 0.16000 GC = 0.380
otolemur_garnettii             0.40000 0.28000 0.18000 0.14000 GC = 0.420
propithecus_coquereli          0.36000 0.32000 0.12000 0.20000 GC = 0.520
cavia_porcellus                0.36000 0.32000 0.24000 0.08000 GC = 0.400
chinchilla_lanigera            0.38000 0.26000 0.18000 0.18000 GC = 0.440
octodon_degus                  0.39583 0.27083 0.14583 0.18750 GC = 0.458
fukomys_damarensis             0.38000 0.30000 0.16000 0.16000 GC = 0.460
ictidomys_tridecemlineatus     0.38776 0.34694 0.14286 0.12245 GC = 0.469
jaculus_jaculus                0.40816 0.28571 0.16327 0.14286 GC = 0.429
dipodomys_ordii                0.48000 0.28000 0.12000 0.12000 GC = 0.400
ailuropoda_melanoleuca         0.44000 0.24000 0.20000 0.12000 GC = 0.360
mustela_putorius_furo          0.42000 0.26000 0.18000 0.14000 GC = 0.400
canis_familiaris               0.42000 0.26000 0.18000 0.14000 GC = 0.400
felis_catus                    0.42000 0.26000 0.18000 0.14000 GC = 0.400
panthera_pardus                0.38000 0.28000 0.18000 0.16000 GC = 0.440
panthera_tigris_altaica        0.40000 0.28000 0.18000 0.14000 GC = 0.420
equus_caballus                 0.40426 0.27660 0.19149 0.12766 GC = 0.404
sus_scrofa                     0.33333 0.29167 0.18750 0.18750 GC = 0.479
myotis_lucifugus               0.46000 0.24000 0.14000 0.16000 GC = 0.400
pteropus_vampyrus              0.42000 0.26000 0.18000 0.14000 GC = 0.400
sorex_araneus                  0.42857 0.26531 0.20408 0.10204 GC = 0.367
loxodonta_africana             0.40000 0.26000 0.16000 0.18000 GC = 0.440

Homogeneity statistic: X2 = 0.52247 G = 0.53150 

Average                        0.40853 0.26080 0.17120 0.15947
(Ambiguity characters are used to calculate freqs.)


# constant sites:      4 (8.00%)
Distances:HKY85 (kappa)  (alpha set at 0.50)
This matrix is not used in later m.l. analysis.

(Pairwise deletion.)
homo_sapiens     
pan_paniscus       0.0210(-0.0348)
pan_troglodytes    0.0210(-0.0348)  0.0000(-0.0348)
gorilla_gorilla    0.0883( 5.1029)  0.0564(999.0000)  0.0564(999.0000)
nomascus_leucogenys    0.0698(-0.1067)  0.0441(-0.0684)  0.0441(-0.0684)  0.1017( 2.1892)
cercocebus_atys    0.0640( 0.4921)  0.0387( 1.2003)  0.0387( 1.2003)  0.1000( 5.8670)  0.0750(-0.1105)
mandrillus_leucophaeus    0.0387( 1.2003)  0.0159(999.0000)  0.0159(999.0000)  0.0673(999.0000)  0.0472(-0.0709)  0.0224(-0.0360)
macaca_fascicularis    0.0387( 1.2003)  0.0159(999.0000)  0.0159(999.0000)  0.0673(999.0000)  0.0472(-0.0709)  0.0224(-0.0360)  0.0000(-0.0360)
macaca_mulatta     0.5292( 3.7538)  0.5808( 2.9540)  0.5808( 2.9540)  0.5826( 2.9711)  0.6641( 1.6693)  0.4940( 3.4412)  0.5418( 2.6799)  0.5418( 2.6799)
macaca_nemestrina    0.0387( 1.2003)  0.0159(999.0000)  0.0159(999.0000)  0.0673(999.0000)  0.0472(-0.0709)  0.0224(-0.0360)  0.0000(-0.0360)  0.0000(-0.0360)  0.5418( 2.6799)
chlorocebus_sabaeus    0.0765( 4.3552)  0.0545(999.0000)  0.0545(999.0000)  0.1086(999.0000)  0.0822( 1.4874)  0.0601( 2.9514)  0.0370(999.0000)  0.0370(999.0000)  0.6228( 3.4637)  0.0370(999.0000)
colobus_angolensis_palliatus    0.0590( 0.4399)  0.0355( 1.0828)  0.0355( 1.0828)  0.1020( 6.2205)  0.0699(-0.1067)  0.0000(-0.1067)  0.0224(-0.0360)  0.0224(-0.0360)  0.4940( 3.4412)  0.0224(-0.0360)  0.0541( 2.6192)
rhinopithecus_bieti    0.0858( 0.2419)  0.0597( 0.5078)  0.0597( 0.5078)  0.1274( 3.0261)  0.0985(-0.1437)  0.0224(-0.0360)  0.0473(-0.0728)  0.0473(-0.0728)  0.6583( 8.0562)  0.0473(-0.0728)  0.0801( 1.3192)  0.0210(-0.0348)
rhinopithecus_roxellana    0.0858( 0.2419)  0.0597( 0.5078)  0.0597( 0.5078)  0.1274( 3.0261)  0.0985(-0.1437)  0.0224(-0.0360)  0.0473(-0.0728)  0.0473(-0.0728)  0.6583( 8.0562)  0.0473(-0.0728)  0.0801( 1.3192)  0.0210(-0.0348)  0.0000(-0.0348)
aotus_nancymaae    0.5901( 7.6537)  0.4561( 9.0677)  0.4561( 9.0677)  0.7706(16.5111)  0.5052( 4.6763)  0.3825(12.3140)  0.4116( 7.7953)  0.4116( 7.7953)  1.4138(14.2696)  0.4116( 7.7953)  0.4696( 9.8477)  0.4041(13.4886)  0.3070(23.9054)  0.3070(23.9054)
cebus_capucinus    0.4001(13.1246)  0.3078(23.6014)  0.3078(23.6014)  0.5462(43.3114)  0.3466( 6.9100)  0.3572(11.3390)  0.2696(20.2275)  0.2696(20.2275)  1.2994(12.8977)  0.2696(20.2275)  0.3152(25.3914)  0.3801(12.5465)  0.2888(22.3446)  0.2888(22.3446)  0.2009( 6.2554)
saimiri_boliviensis_boliviensis    0.7198(24.9968)  0.5387(42.6319)  0.5387(42.6319)  0.9954(80.2681)  0.5820(12.8738)  0.3591(11.4173)  0.4799(37.4586)  0.4799(37.4586)  1.3246(13.2068)  0.4799(37.4586)  0.5354(44.4219)  0.3821(12.6330)  0.2888(22.3446)  0.2888(22.3446)  0.2036( 6.3902)  0.0462(999.0000)
otolemur_garnettii    1.2169(16.0770)  1.1488(11.0492)  1.1488(11.0492)  1.1488(11.0492)  1.4088( 8.1872)  1.0468(19.4328)  1.1586(14.9278)  1.1586(14.9278)  6.1643(81.7505)  1.1586(14.9278)  1.4212(14.5749)  1.2279(16.3907)  1.3678(13.6082)  1.3678(13.6082) 22.4537(197.6243) 15.2283(132.6639) 17.2728(151.0497)
propithecus_coquereli    0.6359( 7.5517)  0.6231( 5.1833)  0.6231( 5.1833)  0.6321( 5.3047)  0.6810( 3.0117)  0.5814( 4.1409)  0.4714( 5.0045)  0.4714( 5.0045)  3.1841(98.9430)  0.4714( 5.0045)  0.7161( 6.3663)  0.6817( 3.8652)  0.7483( 3.2009)  0.7483( 3.2009)  1.3515( 5.4454)  0.9469( 6.5220)  1.6369(12.4690)  1.5656(20.8335)
cavia_porcellus   10.2720(80.5481)  8.8944(55.6027)  8.8944(55.6027)  7.4893(46.3584)  8.9220(37.1775) 28.7690(132.1776)  8.3075(49.9162)  8.3075(49.9162)  3.6284(11.0936)  8.3075(49.9162)  9.2241(59.2913) 31.0654(149.3906) 24.0552(94.8377) 24.0552(94.8377)  7.2205(22.8112)  2.9340(13.9451) 13.4696(70.5766)  9.0000(999.0000)  9.0000(999.0000)
chinchilla_lanigera    0.7817( 2.4444)  0.7543( 1.5653)  0.7543( 1.5653)  0.7549( 1.5702)  1.0096( 1.2314)  1.0093( 1.3883)  0.8933( 1.8821)  0.8933( 1.8821)  2.2052( 6.7680)  0.8933( 1.8821)  1.8047( 6.3769)  1.0227( 1.7256)  0.9970( 1.0352)  0.9970( 1.0352)  4.6158( 8.9473)  2.7121( 8.1602)  6.9504(23.7354)  4.0529(11.7358)  2.7069(12.4349)  1.1851(16.6423)
octodon_degus      1.5138(20.1546)  1.5309(15.0444)  1.5309(15.0444)  1.5890(15.7315)  1.6894( 9.8878)  2.0619(14.0342)  1.4916(13.9921)  1.4916(13.9921)  3.7189(19.5427)  1.4916(13.9921)  1.9375(20.2904)  2.2087(16.0212)  2.2445(12.7710)  2.2445(12.7710)  6.2759(31.3174)  3.4437(28.2015) 13.2334(113.3351)  9.0000(999.0000)165.3401(999.0000)  0.6457(11.3810)  0.3979( 2.6490)
fukomys_damarensis    1.6180(21.7068)  1.6190(16.0982)  1.6190(16.0982)  1.6482(16.4428)  1.7869(10.7367)  2.1934(15.2969)  1.5859(15.1848)  1.5859(15.1848)  3.9964(21.4279)  1.5859(15.1848)  2.0563(21.5487)  2.3478(17.2439)  2.3578(13.6466)  2.3578(13.6466)  7.2098(36.7620)  3.6475(30.1096) 14.8343(127.7280)  9.0000(999.0000) 85.6409(673.8460)  0.5477(16.9982)  0.3179( 3.2275)  0.0219(-0.0368)
ictidomys_tridecemlineatus    1.0499( 8.1964)  0.9358( 5.2662)  0.9358( 5.2662)  0.9362( 5.2729)  0.8111( 2.2592)  0.8251( 2.6883)  0.7223( 3.5013)  0.7223( 3.5013)  3.6915(12.3277)  0.7223( 3.5013)  0.7728( 4.1900)  0.8555( 3.0758)  0.9746( 2.7096)  0.9746( 2.7096)  2.7089( 8.1422)  1.8070( 9.0368)  3.7555(20.4941)  6.4238(32.5817)  2.3242(10.7522)  2.0663(23.7826)  2.8728(19.2742)  3.0361(54.3852)  3.2822(59.0068)
jaculus_jaculus    1.4447(27.8716)  1.4447(27.8716)  1.4447(27.8716)  1.4447(27.8716)  1.5138(15.1271)  1.8041(22.3646)  1.2280(23.1608)  1.2280(23.1608) 51.1013(694.6268)  1.2280(23.1608)  1.4962(30.0139)  2.0020(25.6057)  2.0514(19.5719)  2.0514(19.5719)  7.5798(60.5115)  9.0000(999.0000)  9.0000(999.0000)  2.1993(20.7171)  1.4460(27.3195)  9.0000(999.0000)  3.5734(12.3788)  9.0000(999.0000)  9.0000(999.0000)  1.1888( 6.3153)
dipodomys_ordii    1.3100(15.0780)  1.3237(11.2482)  1.3237(11.2482)  1.3495(11.5135)  1.4056( 7.0760)  1.7149( 9.9472)  1.1878( 9.6396)  1.1878( 9.6396)  2.8130(12.2548)  1.1878( 9.6396)  1.3459(11.9762)  1.8301(11.2007)  1.9070( 9.1749)  1.9070( 9.1749)  1.0613( 3.3388)  3.0831(22.2335) 13.1502(99.9857)  5.7252(37.6532)  0.8451( 4.2788)  9.5549(63.2085)  2.0690( 7.7597)  2.9665(35.8479)  3.1353(37.6592)  1.9319(29.2203)  0.8472( 5.9127)
ailuropoda_melanoleuca    0.5926(19.1143)  0.5536(10.7105)  0.5536(10.7105)  0.5519(10.6559)  0.5149( 4.5163)  0.5227( 5.8922)  0.4344( 7.7632)  0.4344( 7.7632)  1.3993(12.8990)  0.4344( 7.7632)  0.4801( 9.4969)  0.5648( 6.8520)  0.6227( 5.4421)  0.6227( 5.4421)  0.6480( 4.1712)  0.4028( 4.8132)  0.5375( 7.0388)  4.2681(61.9754)  1.4811(19.8963)  1.1720(15.8278)  1.1238( 8.2263)  1.1485(38.8922)  1.2825(42.7714)  0.5333( 8.6453) 18.2207(375.4899)  1.2558(14.8105)
mustela_putorius_furo    0.5924(18.8525)  0.5297(10.0382)  0.5297(10.0382)  0.5297(10.0382)  0.4551( 3.7251)  0.4394( 4.6179)  0.3868( 6.6261)  0.3868( 6.6261)  2.3599(22.5249)  0.3868( 6.6261)  0.4393( 8.3829)  0.4745( 5.4137)  0.5468( 4.5019)  0.5468( 4.5019)  0.9892( 7.1562)  0.6232( 8.2682)  0.8580(12.0636)  1.9470(26.9855)  0.8743(11.0165)  2.0715(28.7499)  0.6834( 4.2725)  0.6470(20.8518)  0.7146(22.8547)  0.5736( 9.3013)  3.3536(66.8816)  0.6545( 6.9140)  0.0796(999.0000)
canis_familiaris    0.5924(18.8525)  0.5297(10.0382)  0.5297(10.0382)  0.5297(10.0382)  0.4551( 3.7251)  0.4394( 4.6179)  0.3868( 6.6261)  0.3868( 6.6261)  2.3599(22.5249)  0.3868( 6.6261)  0.4393( 8.3829)  0.4745( 5.4137)  0.5468( 4.5019)  0.5468( 4.5019)  0.9892( 7.1562)  0.6232( 8.2682)  0.8580(12.0636)  1.9470(26.9855)  0.8743(11.0165)  2.0715(28.7499)  0.6834( 4.2725)  0.6470(20.8518)  0.7146(22.8547)  0.5736( 9.3013)  3.3536(66.8816)  0.6545( 6.9140)  0.0796(999.0000)  0.0000(999.0000)
felis_catus        0.3612(10.8708)  0.4179( 7.5715)  0.4179( 7.5715)  0.4179( 7.5715)  0.3798( 2.8173)  0.3644( 3.5421)  0.3124( 5.0177)  0.3124( 5.0177)  1.4211(12.9029)  0.3124( 5.0177)  0.3509( 6.3488)  0.3941( 4.2219)  0.4515( 3.4256)  0.4515( 3.4256)  0.8122( 5.5632)  0.5277( 6.7348)  0.7627(10.5303)  1.9470(26.9855)  0.8743(11.0165)  2.1442(29.8145)  0.7885( 5.1897)  0.7310(23.4864)  0.8050(25.9456)  0.5736( 9.3013)  3.2806(66.0935)  0.6545( 6.9140)  0.1169(999.0000)  0.0301(999.0000)  0.0301(999.0000)
panthera_pardus    0.4094( 7.2440)  0.4727( 5.6530)  0.4727( 5.6530)  0.4728( 5.6586)  0.3961( 4.7938)  0.5018( 3.6408)  0.4438( 4.9460)  0.4438( 4.9460)  1.9171(13.3957)  0.4438( 4.9460)  0.4931( 6.1752)  0.5339( 4.2594)  0.6148( 3.6714)  0.6148( 3.6714)  1.0921( 5.9822)  0.6897( 6.4741)  0.9284( 9.3324)  2.0508(20.8550)  1.0274( 9.5120)  2.0031(20.3323)  0.7548( 3.5078)  0.7061(13.6240)  0.7716(14.9746)  0.6966( 7.7183)  3.3751(47.1914)  0.7618( 5.7822)  0.1207( 7.6870)  0.0354( 1.0669)  0.0354( 1.0669)  0.0354( 1.0669)
panthera_tigris_altaica    0.4483(13.7463)  0.5205( 9.7345)  0.5205( 9.7345)  0.5205( 9.7345)  0.4503( 3.6231)  0.4361( 4.5286)  0.3829( 6.4746)  0.3829( 6.4746)  1.7061(15.6375)  0.3829( 6.4746)  0.4307( 8.0590)  0.4696( 5.2817)  0.5396( 4.3686)  0.5396( 4.3686)  0.9707( 6.8983)  0.6167( 8.0580)  0.8546(11.8535)  2.1998(30.4054)  0.9489(12.0125)  2.1529(29.7459)  0.7835( 5.0955)  0.7310(23.4864)  0.8027(25.6632)  0.6385(10.4431)  3.3536(66.8816)  0.7062( 7.4828)  0.0969(999.0000)  0.0135(999.0000)  0.0135(999.0000)  0.0135(999.0000)  0.0210(-0.0348)
equus_caballus     0.6902(20.2681)  0.6074(10.5928)  0.6074(10.5928)  0.6073(10.5734)  0.6446( 5.2682)  0.4992( 4.8037)  0.4374( 6.8907)  0.4374( 6.8907)  2.2617(19.0167)  0.4374( 6.8907)  0.4934( 8.5995)  0.5367( 5.5913)  0.5067( 3.4889)  0.5067( 3.4889)  1.3854( 9.3814)  0.8788(11.0379)  1.5343(20.5935)  3.7936(48.9161)  1.2551(14.8215)  1.2648(15.3437)  0.7909( 4.5506)  1.2238(37.6023)  1.3592(41.3376)  0.2111( 2.1409)  1.0962(18.8040)  0.9170( 8.9766)  0.3140(999.0000)  0.2410(999.0000)  0.2410(999.0000)  0.4050(999.0000)  0.3543(23.3416)  0.3052(999.0000)
sus_scrofa         0.6800( 8.5497)  0.6110( 5.2167)  0.6110( 5.2167)  0.6109( 5.2243)  0.5402( 2.0267)  0.6582( 3.5165)  0.5923( 4.6994)  0.5923( 4.6994)  1.9988(10.3986)  0.5923( 4.6994)  0.6300( 5.5337)  0.5518( 2.9264)  0.6394( 2.5550)  0.6394( 2.5550)  1.1212( 4.3745)  0.7025( 4.5227)  0.9320( 6.5997)  2.8358(41.4060)  1.0384( 6.9559)  2.7340(27.6177)  2.6066(15.7325)  1.6142(22.4091)  1.7086(23.9302)  0.6262( 4.6095)  3.7251(37.7104)  0.9469( 5.4113)  0.2104( 5.8733)  0.1901( 5.0788)  0.1901( 5.0788)  0.3410(10.4780)  0.3002( 4.9802)  0.2498( 7.1616)  0.3552( 9.9424)
myotis_lucifugus    0.8324(15.7949)  0.7671( 9.8725)  0.7671( 9.8725)  0.7708( 9.9497)  0.6919( 4.5200)  0.7087( 5.5911)  0.5996( 7.0824)  0.5996( 7.0824)  2.9102(20.2659)  0.5996( 7.0824)  0.6642( 8.7422)  0.7598( 6.4671)  0.8450( 5.4517)  0.8450( 5.4517)  1.5874( 9.1256)  1.0270(10.2189)  1.6732(17.7314)  1.1819(10.8014)  1.1537(10.3240)  9.1579(93.0922)  1.5431( 8.5564)  1.6629(33.5520)  1.7680(34.9081)  1.3762(15.5505)  5.5977(75.1366)  0.5793( 3.7837)  0.2723(18.9322)  0.1775(11.5880)  0.1775(11.5880)  0.2593(17.6589)  0.2465( 6.9825)  0.2120(13.9622)  0.4293(27.5455)  0.3648( 6.1562)
pteropus_vampyrus    0.3918( 4.1417)  0.3832( 2.6235)  0.3832( 2.6235)  0.3832( 2.6235)  0.4394( 1.3714)  0.3813( 1.3177)  0.3149( 1.6812)  0.3149( 1.6812)  1.7055( 8.4092)  0.3149( 1.6812)  0.3368( 2.1937)  0.4007( 1.6669)  0.4545( 1.3404)  0.4545( 1.3404)  0.8232( 2.7744)  0.5543( 3.2235)  0.8794( 6.1441)  1.2958( 8.9190)  1.0810( 7.0349)  6.4042(92.2226)  0.6834( 4.2725)  0.7954(10.0258)  0.8719(11.0702)  0.7234( 7.4645)  2.0765(19.6501)  0.8354( 4.3394)  0.1405( 3.3525)  0.0774( 1.0872)  0.0774( 1.0872)  0.1291( 2.8986)  0.1297( 1.2001)  0.0997( 1.8490)  0.1987( 4.7558)  0.2200( 3.0244)  0.2242( 3.1452)
sorex_araneus      2.3073(15.6559)  1.9483(10.1082)  1.9483(10.1082)  1.9391(10.0227)  2.0435( 6.6161)  1.6650( 5.4748)  1.4260( 6.5921)  1.4260( 6.5921)  8.9651(46.6986)  1.4260( 6.5921)  1.6040( 8.3883)  1.7442( 6.2588)  1.5036( 7.5290)  1.5036( 7.5290)  2.5833(11.3895)  1.3541( 9.5741)  1.8673(13.9183)  3.1575(12.5172)  6.2347(25.4723)  1.4826( 5.0400)  1.9704( 6.1701)  1.4489( 9.0245)  1.7268(11.1770)  2.7826(22.2689)332.4701(999.0000)  6.4416(21.5892)  0.3720( 3.6648)  0.4227( 4.2945)  0.4227( 4.2945)  0.6171( 6.9895)  0.5608( 4.1883)  0.4976( 5.2723)  0.7090( 7.3503)  0.9091( 5.4549)  0.9973( 8.2101)  0.3235( 2.9181)
loxodonta_africana    0.8343( 7.5765)  0.7885( 5.1897)  0.7885( 5.1897)  0.7920( 5.2317)  0.8527( 3.1392)  0.5177( 5.8000)  0.5146( 3.8957)  0.5146( 3.8957)  2.7203(26.5354)  0.5146( 3.8957)  1.0052( 7.3623)  0.7086( 6.2534)  0.7950( 5.3057)  0.7950( 5.3057)  1.4352( 8.4900)  1.0821( 5.9575)  1.0821( 5.9575)  3.6481(38.6472)  2.4229(13.9044)  8.9938(56.2423)  1.9090(11.5880)  1.6093(15.9024)  1.8302(18.4107)  1.8702(12.0966) 53.3948(423.9652)  1.9259( 9.1610)  0.3738( 6.6871)  0.2849( 4.6348)  0.2849( 4.6348)  0.4179( 7.5715)  0.3875( 4.3322)  0.3383( 5.7545)  0.6222(10.8714)  0.6194( 5.3558)  0.3969( 4.3182)  0.2998( 1.6924)  0.8527( 3.5254)

TREE #  1:  (38, (((((((20, 21), 22), 23), 24), (26, 25)), ((19, 18), (((17, 16), 15), (((((2, 3), 1), 4), 5), (((14, 13), 12), (11, ((7, 6), ((9, 8), 10)))))))), (37, (((34, 33), (((31, 32), 30), (29, (28, 27)))), (36, 35)))));  MP score: -1.00
lnL(ntime: 74  np: 76):   -663.559421    +0.000000
  39..38   39..40   40..41   41..42   42..43   43..44   44..45   45..46   46..20   46..21   45..22   44..23   43..24   42..47   47..26   47..25   41..48   48..49   49..19   49..18   48..50   50..51   51..52   52..17   52..16   51..15   50..53   53..54   54..55   55..56   56..57   57..2    57..3    56..1    55..4    54..5    53..58   58..59   59..60   60..14   60..13   59..12   58..61   61..11   61..62   62..63   63..7    63..6    62..64   64..65   65..9    65..8    64..10   40..66   66..37   66..67   67..68   68..69   69..34   69..33   68..70   70..71   71..72   72..31   72..32   71..30   70..73   73..29   73..74   74..28   74..27   67..75   75..36   75..35 
 0.081337 0.060297 0.028630 0.010487 0.000004 0.261806 0.000004 0.035033 0.077919 0.108042 0.021247 0.000004 0.270935 0.053476 0.122735 0.226041 0.036347 0.049077 0.118097 0.248108 0.115342 0.066964 0.019646 0.020682 0.000004 0.091766 0.000004 0.010511 0.010511 0.000004 0.000004 0.000004 0.000004 0.020515 0.020261 0.041989 0.000004 0.020766 0.020717 0.000004 0.000004 0.000004 0.000004 0.041715 0.000004 0.000004 0.000004 0.022090 0.000004 0.000004 0.285836 0.000004 0.000004 0.020086 0.228061 0.000004 0.000004 0.019889 0.148451 0.092266 0.041980 0.020209 0.000004 0.020366 0.000004 0.020197 0.000004 0.000004 0.000004 0.000004 0.041412 0.000004 0.043017 0.132073 3.258645 6.076091

tree length =   3.44705

(loxodonta_africana, (((((((cavia_porcellus, chinchilla_lanigera), octodon_degus), fukomys_damarensis), ictidomys_tridecemlineatus), (dipodomys_ordii, jaculus_jaculus)), ((propithecus_coquereli, otolemur_garnettii), (((saimiri_boliviensis_boliviensis, cebus_capucinus), aotus_nancymaae), (((((pan_paniscus, pan_troglodytes), homo_sapiens), gorilla_gorilla), nomascus_leucogenys), (((rhinopithecus_roxellana, rhinopithecus_bieti), colobus_angolensis_palliatus), (chlorocebus_sabaeus, ((mandrillus_leucophaeus, cercocebus_atys), ((macaca_mulatta, macaca_fascicularis), macaca_nemestrina)))))))), (sorex_araneus, (((sus_scrofa, equus_caballus), (((panthera_pardus, panthera_tigris_altaica), felis_catus), (canis_familiaris, (mustela_putorius_furo, ailuropoda_melanoleuca)))), (pteropus_vampyrus, myotis_lucifugus)))));

(loxodonta_africana: 0.081337, (((((((cavia_porcellus: 0.077919, chinchilla_lanigera: 0.108042): 0.035033, octodon_degus: 0.021247): 0.000004, fukomys_damarensis: 0.000004): 0.261806, ictidomys_tridecemlineatus: 0.270935): 0.000004, (dipodomys_ordii: 0.122735, jaculus_jaculus: 0.226041): 0.053476): 0.010487, ((propithecus_coquereli: 0.118097, otolemur_garnettii: 0.248108): 0.049077, (((saimiri_boliviensis_boliviensis: 0.020682, cebus_capucinus: 0.000004): 0.019646, aotus_nancymaae: 0.091766): 0.066964, (((((pan_paniscus: 0.000004, pan_troglodytes: 0.000004): 0.000004, homo_sapiens: 0.020515): 0.000004, gorilla_gorilla: 0.020261): 0.010511, nomascus_leucogenys: 0.041989): 0.010511, (((rhinopithecus_roxellana: 0.000004, rhinopithecus_bieti: 0.000004): 0.020717, colobus_angolensis_palliatus: 0.000004): 0.020766, (chlorocebus_sabaeus: 0.041715, ((mandrillus_leucophaeus: 0.000004, cercocebus_atys: 0.022090): 0.000004, ((macaca_mulatta: 0.285836, macaca_fascicularis: 0.000004): 0.000004, macaca_nemestrina: 0.000004): 0.000004): 0.000004): 0.000004): 0.000004): 0.000004): 0.115342): 0.036347): 0.028630, (sorex_araneus: 0.228061, (((sus_scrofa: 0.148451, equus_caballus: 0.092266): 0.019889, (((panthera_pardus: 0.020366, panthera_tigris_altaica: 0.000004): 0.000004, felis_catus: 0.020197): 0.020209, (canis_familiaris: 0.000004, (mustela_putorius_furo: 0.000004, ailuropoda_melanoleuca: 0.041412): 0.000004): 0.000004): 0.041980): 0.000004, (pteropus_vampyrus: 0.043017, myotis_lucifugus: 0.132073): 0.000004): 0.000004): 0.020086): 0.060297);

Detailed output identifying parameters

Parameters (kappa) in the rate matrix (HKY85) (Yang 1994 J Mol Evol 39:105-111):
  3.25865

alpha (gamma, K=5) =  6.07609
rate:   0.50698  0.75350  0.94687  1.17189  1.62077
freq:   0.20000  0.20000  0.20000  0.20000  0.20000

