
BASEML (in paml version 4.9h, March 2018)  ../../0_chopped_alignments/segment_7916_8695/alignment.fa  HKY85 dGamma (ncatG=5)
Frequencies..
                                    T      C      A      G
homo_sapiens                   0.30252 0.21148 0.28291 0.20308 GC = 0.415
pan_paniscus                   0.30112 0.21008 0.28291 0.20588 GC = 0.416
pan_troglodytes                0.30112 0.21148 0.28151 0.20588 GC = 0.417
gorilla_gorilla                0.30856 0.20337 0.28331 0.20477 GC = 0.408
nomascus_leucogenys            0.29692 0.20868 0.28992 0.20448 GC = 0.413
cercocebus_atys                0.30392 0.20728 0.28011 0.20868 GC = 0.416
mandrillus_leucophaeus         0.30392 0.20868 0.27731 0.21008 GC = 0.419
macaca_fascicularis            0.30429 0.20609 0.28492 0.20470 GC = 0.411
macaca_mulatta                 0.30429 0.20609 0.28492 0.20470 GC = 0.411
macaca_nemestrina              0.30392 0.20868 0.28151 0.20588 GC = 0.415
chlorocebus_sabaeus            0.30609 0.20083 0.28670 0.20637 GC = 0.407
colobus_angolensis_palliatus   0.30812 0.20028 0.28571 0.20588 GC = 0.406
rhinopithecus_bieti            0.30996 0.20337 0.27770 0.20898 GC = 0.412
rhinopithecus_roxellana        0.30952 0.20308 0.28011 0.20728 GC = 0.410
aotus_nancymaae                0.30603 0.20259 0.28161 0.20977 GC = 0.412
cebus_capucinus                0.31205 0.20610 0.27866 0.20319 GC = 0.409
saimiri_boliviensis_boliviensis 0.30657 0.20876 0.28029 0.20438 GC = 0.413
carlito_syrichta               0.29940 0.19760 0.31587 0.18713 GC = 0.385
otolemur_garnettii             0.27989 0.23207 0.26301 0.22504 GC = 0.457
propithecus_coquereli          0.29887 0.20255 0.29037 0.20822 GC = 0.411
cavia_porcellus                0.31081 0.20270 0.30030 0.18619 GC = 0.389
chinchilla_lanigera            0.30175 0.21137 0.29446 0.19242 GC = 0.404
octodon_degus                  0.29343 0.21460 0.26569 0.22628 GC = 0.441
fukomys_damarensis             0.28070 0.22076 0.28801 0.21053 GC = 0.431
heterocephalus_glaber_male     0.29094 0.20906 0.29678 0.20322 GC = 0.412
ictidomys_tridecemlineatus     0.28529 0.21912 0.29265 0.20294 GC = 0.422
jaculus_jaculus                0.29985 0.19190 0.29985 0.20840 GC = 0.400
dipodomys_ordii                0.30864 0.21693 0.29101 0.18342 GC = 0.400
ailuropoda_melanoleuca         0.30540 0.19176 0.27983 0.22301 GC = 0.415
mustela_putorius_furo          0.30172 0.20115 0.28305 0.21408 GC = 0.415
canis_familiaris               0.30889 0.19182 0.27786 0.22144 GC = 0.413
felis_catus                    0.30029 0.18805 0.29738 0.21429 GC = 0.402
panthera_pardus                0.30952 0.19345 0.29315 0.20387 GC = 0.397
panthera_tigris_altaica        0.30506 0.19494 0.29315 0.20685 GC = 0.402
equus_caballus                 0.27809 0.21770 0.29354 0.21067 GC = 0.428
sus_scrofa                     0.25000 0.23837 0.29070 0.22093 GC = 0.459
myotis_lucifugus               0.28155 0.21359 0.27184 0.23301 GC = 0.447
pteropus_vampyrus              0.26857 0.23143 0.26429 0.23571 GC = 0.467
sorex_araneus                  0.27825 0.21610 0.27825 0.22740 GC = 0.444
loxodonta_africana             0.31566 0.20964 0.25783 0.21687 GC = 0.427

Homogeneity statistic: X2 = 0.08750 G = 0.08790 

Average                        0.29839 0.20780 0.28463 0.20918
(Ambiguity characters are used to calculate freqs.)


# constant sites:     29 (3.72%)
Distances:HKY85 (kappa)  (alpha set at 0.50)
This matrix is not used in later m.l. analysis.

(Pairwise deletion.)
homo_sapiens     
pan_paniscus       0.0087( 1.0912)
pan_troglodytes    0.0088( 2.2181)  0.0029( 2.1674)
gorilla_gorilla    0.0220( 3.1973)  0.0251( 2.3905)  0.0252( 3.0689)
nomascus_leucogenys    0.0340( 6.0605)  0.0371( 4.5231)  0.0374( 5.5540)  0.0489( 4.8288)
cercocebus_atys    0.0568( 3.5514)  0.0602( 3.0970)  0.0604( 3.4840)  0.0732( 3.4669)  0.0643( 4.3002)
mandrillus_leucophaeus    0.0568( 3.1503)  0.0602( 2.7684)  0.0604( 3.1119)  0.0731( 3.1440)  0.0643( 3.8435)  0.0115(14.7769)
macaca_fascicularis    0.0631( 3.7439)  0.0665( 3.2863)  0.0669( 3.6789)  0.0798( 3.6282)  0.0709( 4.4653)  0.0132(17.3237)  0.0135( 7.8050)
macaca_mulatta     0.0611( 3.5536)  0.0644( 3.1196)  0.0648( 3.4978)  0.0776( 3.4721)  0.0709( 4.4653)  0.0132(17.3237)  0.0135( 7.8050)  0.0029(999.0000)
macaca_nemestrina    0.0645( 3.1243)  0.0679( 2.7802)  0.0683( 3.0980)  0.0812( 3.1298)  0.0723( 3.7531)  0.0131( 4.3007)  0.0162( 3.8049)  0.0057( 2.0784)  0.0057( 2.0784)
chlorocebus_sabaeus    0.0532( 2.8277)  0.0604( 2.7921)  0.0607( 3.1401)  0.0734( 3.1679)  0.0646( 3.8737)  0.0146(19.2805)  0.0147( 8.6416)  0.0179(11.1762)  0.0179(11.1762)  0.0193( 4.9127)
colobus_angolensis_palliatus    0.0570( 3.5837)  0.0603( 3.1232)  0.0606( 3.5156)  0.0697( 3.2163)  0.0686( 4.7433)  0.0238(15.3443)  0.0239( 9.5076)  0.0258(10.4512)  0.0258(10.4512)  0.0286( 6.1982)  0.0222( 8.7362)
rhinopithecus_bieti    0.0569( 3.1587)  0.0603( 2.7757)  0.0605( 3.1203)  0.0732( 3.1531)  0.0685( 4.2314)  0.0237( 9.4002)  0.0238( 6.5156)  0.0257( 7.2143)  0.0257( 7.2143)  0.0285( 4.7477)  0.0222( 5.9449)  0.0176( 6.4875)
rhinopithecus_roxellana    0.0549( 2.9849)  0.0582( 2.6235)  0.0585( 2.9546)  0.0711( 3.0115)  0.0663( 4.0423)  0.0221( 8.6365)  0.0221( 5.9267)  0.0239( 6.5978)  0.0239( 6.5978)  0.0268( 4.3460)  0.0205( 5.3715)  0.0160( 5.7181)  0.0015(999.0000)
aotus_nancymaae    0.1066( 3.9368)  0.1156( 3.8653)  0.1161( 4.1681)  0.1251( 4.0791)  0.1192( 4.9881)  0.1194( 3.7992)  0.1168( 3.4262)  0.1195( 3.5640)  0.1195( 3.5640)  0.1170( 3.4414)  0.1123( 3.2219)  0.1102( 3.3621)  0.1106( 3.6062)  0.1081( 3.4869)
cebus_capucinus    0.0961( 4.9242)  0.1050( 4.7448)  0.1056( 5.1774)  0.1142( 4.9631)  0.1109( 6.0072)  0.1130( 4.5379)  0.1129( 4.2131)  0.1161( 4.4032)  0.1134( 4.2505)  0.1134( 4.2480)  0.1083( 3.9640)  0.1015( 3.8856)  0.1068( 4.1730)  0.1040( 4.0259)  0.0292( 1.5212)
saimiri_boliviensis_boliviensis    0.1419( 4.4893)  0.1496( 4.3044)  0.1528( 4.7033)  0.1632( 4.6246)  0.1597( 5.6373)  0.1519( 4.3982)  0.1487( 4.0184)  0.1520( 4.1660)  0.1462( 3.9273)  0.1491( 4.0398)  0.1411( 3.7142)  0.1465( 4.1877)  0.1448( 4.6125)  0.1418( 4.4895)  0.0651( 3.6556)  0.0583( 4.3563)
carlito_syrichta    0.3289( 5.4572)  0.3424( 5.3691)  0.3489( 5.7029)  0.3331( 4.9922)  0.3826( 5.8453)  0.3494( 5.1434)  0.3413( 5.1512)  0.3566( 5.1263)  0.3624( 5.2413)  0.3686( 5.3633)  0.3303( 4.7559)  0.3331( 4.5031)  0.3557( 5.0919)  0.3492( 4.9800)  0.4037( 5.2426)  0.3836( 5.6991)  0.4405( 6.1959)
otolemur_garnettii    0.4288( 5.2666)  0.4232( 5.1706)  0.4238( 5.3339)  0.4441( 4.9233)  0.4703( 5.6507)  0.4376( 4.8242)  0.4328( 4.8847)  0.4644( 5.1020)  0.4644( 5.1020)  0.4702( 5.1881)  0.4713( 5.6582)  0.4533( 5.3832)  0.4348( 4.9101)  0.4392( 4.9979)  0.4711( 5.4067)  0.4957( 6.1929)  0.5605( 5.9420)  0.5582( 5.5266)
propithecus_coquereli    0.2494( 5.0741)  0.2486( 4.8477)  0.2522( 4.9449)  0.2626( 4.6654)  0.2792( 5.7079)  0.2685( 4.8122)  0.2656( 4.9193)  0.2685( 4.6402)  0.2684( 4.6364)  0.2725( 4.7359)  0.2696( 4.8448)  0.2519( 4.7681)  0.2550( 4.6419)  0.2509( 4.5478)  0.2913( 4.9906)  0.2908( 5.7217)  0.3297( 5.5490)  0.3816( 5.1845)  0.3150( 6.3564)
cavia_porcellus    0.5812( 4.6180)  0.5843( 4.4070)  0.5869( 4.5541)  0.5826( 4.1497)  0.6301( 4.9223)  0.5926( 4.3720)  0.5960( 4.5274)  0.6429( 4.8021)  0.6322( 4.6866)  0.6371( 4.9902)  0.6070( 4.5326)  0.5926( 4.5139)  0.5788( 4.3328)  0.5679( 4.2315)  0.7152( 4.7434)  0.6567( 5.3573)  0.8099( 5.6035)  0.8681( 6.8260)  0.8870( 4.6120)  0.7144( 5.4509)
chinchilla_lanigera    0.4674( 5.6407)  0.4699( 5.3608)  0.4722( 5.5520)  0.4803( 5.2128)  0.5358( 6.4112)  0.4679( 5.1731)  0.4643( 5.2613)  0.4983( 5.4921)  0.4904( 5.3734)  0.4942( 5.7416)  0.4719( 5.2373)  0.4740( 4.9941)  0.4586( 4.8740)  0.4505( 4.7709)  0.5726( 5.6602)  0.5315( 6.2823)  0.6256( 6.3699)  0.6841( 6.3197)  0.6616( 4.8205)  0.5123( 5.1527)  0.2868( 4.6340)
octodon_degus      0.6196( 5.8677)  0.6313( 5.7175)  0.6347( 5.9045)  0.6631( 5.8033)  0.6988( 6.8865)  0.6192( 5.1537)  0.6303( 5.4142)  0.6783( 5.7006)  0.6671( 5.5729)  0.6727( 5.9206)  0.6411( 5.4054)  0.6317( 5.3173)  0.6097( 5.1660)  0.5984( 5.0516)  0.7274( 5.9432)  0.6732( 6.4387)  0.7701( 6.7061)  0.9334( 6.5905)  0.9435( 6.3999)  0.7161( 6.4771)  0.3309( 3.4992)  0.2322( 5.5969)
fukomys_damarensis    0.5898( 7.3570)  0.5832( 6.8679)  0.5935( 7.2125)  0.6252( 7.1199)  0.6490( 7.8819)  0.6148( 7.1537)  0.5741( 6.7176)  0.6255( 7.1333)  0.6174( 7.0135)  0.6138( 7.3331)  0.5995( 6.9220)  0.6060( 7.0476)  0.5841( 6.8646)  0.5755( 6.7575)  0.7211( 7.1753)  0.6645( 7.8155)  0.6876( 6.9227)  0.9428( 8.4890)  0.8280( 6.1746)  0.6255( 7.4015)  0.4846( 5.5863)  0.3648( 6.8960)  0.4159( 6.1939)
heterocephalus_glaber_male    0.4204( 5.9964)  0.4228( 5.6767)  0.4245( 5.8846)  0.4509( 5.8272)  0.4794( 7.1316)  0.4236( 5.1873)  0.4309( 5.4699)  0.4472( 5.4330)  0.4407( 5.3238)  0.4439( 5.7054)  0.4376( 5.4269)  0.4365( 5.4291)  0.4216( 5.3051)  0.4146( 5.2012)  0.5225( 6.0373)  0.4957( 6.3942)  0.5399( 5.7983)  0.6816( 7.1399)  0.6583( 5.2602)  0.5011( 6.0573)  0.3643( 4.3982)  0.2479( 4.9805)  0.3004( 4.0764)  0.2126( 6.2649)
ictidomys_tridecemlineatus    0.5163( 8.9848)  0.5184( 8.4977)  0.5221( 8.8292)  0.5305( 8.2305)  0.5339( 9.0921)  0.5028( 8.1782)  0.5067( 8.0100)  0.5088( 8.0672)  0.5165( 8.2179)  0.5215( 8.8269)  0.5280( 8.6980)  0.4990( 8.1343)  0.5042( 8.4522)  0.4947( 8.2804)  0.5795( 8.3283)  0.5586( 8.8363)  0.6427( 8.4481)  0.8271( 8.6266)  0.7549( 6.3747)  0.6045( 8.3116)  0.9166( 6.4951)  0.7594( 7.2661)  1.0084( 8.8605)  0.9764( 9.5770)  0.7105( 7.7355)
jaculus_jaculus    0.6622( 5.2977)  0.6760( 5.1758)  0.6765( 5.3124)  0.7013( 5.1792)  0.7090( 5.2639)  0.6732( 5.1465)  0.6785( 5.0668)  0.7129( 5.4424)  0.7035( 5.3436)  0.7033( 5.3383)  0.6860( 5.2831)  0.6534( 4.9541)  0.6760( 5.3215)  0.6681( 5.2382)  0.6732( 5.2807)  0.6720( 5.7474)  0.7524( 5.9316)  0.8301( 4.7605)  0.9890( 5.0529)  0.8055( 5.8491)  1.1223( 5.3674)  0.9602( 5.4755)  1.0114( 5.6553)  1.1279( 6.8575)  0.7730( 5.4304)  1.0908( 7.8032)
dipodomys_ordii    0.4368( 5.1418)  0.4347( 4.9280)  0.4417( 5.0364)  0.4978( 5.3822)  0.4781( 5.0717)  0.5049( 5.8464)  0.4976( 5.7282)  0.5178( 5.8520)  0.5075( 5.6952)  0.5072( 5.6865)  0.4958( 6.1121)  0.4977( 5.7543)  0.5014( 6.2175)  0.5014( 6.2175)  0.5766( 7.6155)  0.5217( 7.3872)  0.5925( 8.5766)  0.7367( 6.7902)  0.8611( 7.2831)  0.5491( 5.3249)  0.8871( 4.9512)  0.9107( 6.0854)  1.0018( 6.1020)  0.8846( 5.4507)  0.6759( 4.5086)  0.9916(10.7358)  0.8147( 5.6134)
ailuropoda_melanoleuca    0.3533( 5.2962)  0.3538( 5.3045)  0.3557( 5.5207)  0.3808( 5.1708)  0.3782( 5.4554)  0.3877( 5.6429)  0.3946( 5.9580)  0.4178( 6.0596)  0.4111( 5.9294)  0.4109( 5.9196)  0.4027( 6.3259)  0.3924( 5.4090)  0.4039( 5.7769)  0.3966( 5.6548)  0.4487( 5.4864)  0.4182( 5.6981)  0.5245( 6.9494)  0.5684( 5.7824)  0.6120( 5.0317)  0.4898( 5.6581)  0.8726( 7.2504)  0.6724( 6.6382)  0.8357( 6.9759)  1.0101( 9.2383)  0.6875( 6.6036)  0.7066( 7.0790)  0.8930( 4.9734)  0.6996( 7.1957)
mustela_putorius_furo    0.3987( 7.1982)  0.4009( 6.7910)  0.4034( 7.0669)  0.4199( 6.3614)  0.4278( 7.1663)  0.4414( 6.7918)  0.4391( 6.9499)  0.4497( 7.1824)  0.4422( 7.0294)  0.4420( 7.0168)  0.4398( 6.9679)  0.4356( 6.7013)  0.4410( 6.9889)  0.4328( 6.8421)  0.4590( 6.6451)  0.4315( 6.8343)  0.5173( 7.1123)  0.6234( 7.3385)  0.7061( 7.0899)  0.4786( 6.7761)  0.9172( 7.9989)  0.6470( 7.6415)  0.8336( 8.6783)  0.9355( 9.4987)  0.6929( 8.2553)  0.8546(11.1268)  0.8000( 5.8523)  0.8214( 9.1727)  0.1861( 2.9360)
canis_familiaris    0.4242( 7.2434)  0.4290( 6.4792)  0.4301( 6.7026)  0.4514( 6.5168)  0.4474( 6.8489)  0.4257( 6.8266)  0.4271( 7.0676)  0.4360( 6.8291)  0.4298( 6.7027)  0.4416( 6.9355)  0.4338( 7.0038)  0.4267( 6.8755)  0.4474( 7.5041)  0.4401( 7.3704)  0.4878( 7.1121)  0.4663( 7.4714)  0.5551( 7.9084)  0.6195( 7.3940)  0.7626( 7.5463)  0.4478( 5.7795)  0.8045( 6.6009)  0.6332( 6.9599)  0.9317( 8.9181)  0.9942(10.3350)  0.6652( 7.7553)  0.8616(11.3248)  0.9484( 7.7561)  0.7154( 8.8318)  0.2668( 3.6975)  0.2856( 5.4541)
felis_catus        0.3708( 5.1329)  0.3599( 4.9184)  0.3617( 5.1234)  0.3949( 5.0821)  0.4115( 5.9214)  0.3992( 5.6776)  0.3951( 5.7803)  0.4340( 6.1647)  0.4265( 6.0235)  0.4214( 5.9188)  0.4105( 6.3002)  0.4020( 5.5728)  0.4076( 5.8363)  0.4000( 5.7090)  0.4774( 5.7033)  0.4424( 5.7313)  0.5137( 6.0044)  0.5823( 6.5293)  0.7328( 7.1840)  0.4980( 6.0328)  0.8325( 5.3466)  0.7125( 6.9453)  0.8807( 7.1345)  0.9325( 8.2465)  0.5858( 5.5836)  0.7542( 8.7679)  0.7909( 4.8911)  0.6119( 6.0800)  0.2516( 3.8461)  0.3040( 3.6299)  0.3005( 4.6725)
panthera_pardus    0.3370( 6.3043)  0.3295( 5.6862)  0.3318( 5.9482)  0.3658( 5.7026)  0.3752( 6.7703)  0.3635( 5.8466)  0.3560( 5.8797)  0.3946( 6.3193)  0.3873( 6.1629)  0.3870( 6.1510)  0.3698( 6.4129)  0.3643( 5.6901)  0.3679( 5.9348)  0.3603( 5.7908)  0.4301( 6.1296)  0.4009( 6.4795)  0.4858( 6.9828)  0.5120( 6.2552)  0.6520( 7.0164)  0.4631( 6.7301)  0.7117( 5.0340)  0.6139( 6.9105)  0.7546( 6.9964)  0.7920( 7.8131)  0.4955( 5.1156)  0.7059( 7.9133)  0.6898( 4.5033)  0.5742( 5.5596)  0.2281( 4.8088)  0.2865( 5.0242)  0.2995( 5.3018)  0.0343( 2.3965)
panthera_tigris_altaica    0.3390( 6.8287)  0.3314( 6.1535)  0.3337( 6.4389)  0.3679( 6.1446)  0.3773( 7.3012)  0.3655( 6.2997)  0.3578( 6.3403)  0.3965( 6.7866)  0.3891( 6.6221)  0.3889( 6.6094)  0.3718( 6.9135)  0.3660( 6.1217)  0.3697( 6.3913)  0.3622( 6.2393)  0.4328( 6.5843)  0.4034( 6.9888)  0.4891( 7.4928)  0.5150( 6.6902)  0.6581( 7.4758)  0.4656( 7.2023)  0.7286( 5.4782)  0.6290( 7.5260)  0.7738( 7.5947)  0.8122( 8.4722)  0.5068( 5.5944)  0.7115( 8.4199)  0.6989( 4.5824)  0.5781( 5.8021)  0.2293( 5.2962)  0.2878( 5.4674)  0.3011( 5.7702)  0.0327( 3.3031)  0.0045( 1.0527)
equus_caballus     0.3640( 4.1146)  0.3590( 4.0285)  0.3592( 4.1642)  0.3825( 4.0222)  0.3759( 4.0502)  0.3945( 4.2177)  0.3940( 4.3360)  0.4121( 4.3683)  0.4068( 4.2861)  0.4066( 4.2793)  0.3978( 4.5408)  0.3827( 4.0438)  0.3870( 4.3568)  0.3852( 4.2070)  0.4289( 4.3902)  0.4291( 4.8740)  0.5112( 5.3750)  0.5809( 5.3716)  0.6426( 5.3141)  0.4174( 3.9651)  0.7370( 4.9898)  0.6400( 6.6442)  0.7627( 6.8740)  0.7788( 7.6055)  0.5715( 5.6620)  0.8046( 7.6588)  0.8000( 4.4661)  0.7238( 5.9739)  0.4200( 4.6489)  0.4144( 5.3642)  0.4136( 6.1885)  0.4060( 4.7440)  0.3850( 5.0304)  0.3875( 5.4219)
sus_scrofa         0.4634( 5.5676)  0.4570( 5.4599)  0.4526( 5.5518)  0.4898( 5.3292)  0.5062( 5.9130)  0.5173( 5.9088)  0.5131( 6.0098)  0.5505( 6.2473)  0.5417( 6.1164)  0.5414( 6.1071)  0.5442( 6.3152)  0.5196( 5.9571)  0.5309( 6.2785)  0.5214( 6.1512)  0.6110( 7.2016)  0.5989( 8.1837)  0.6628( 7.6470)  0.8319( 8.4231)  0.6447( 5.7867)  0.5597( 7.2106)  1.0512( 7.7268)  1.0097(10.3929)  1.2107(10.3164)  1.0925( 9.9926)  0.8059( 8.0017)  0.8660( 8.4386)  1.1739( 9.3087)  0.7855( 6.0534)  0.5103( 5.2584)  0.5369( 7.0538)  0.4429( 5.2117)  0.4506( 4.6139)  0.4193( 5.0656)  0.4221( 5.4592)  0.4815( 4.4437)
myotis_lucifugus    0.5105( 7.3043)  0.5024( 7.1524)  0.5098( 7.2850)  0.5556( 6.9784)  0.5532( 7.5912)  0.5448( 7.4418)  0.5367( 7.2974)  0.5832( 7.8691)  0.5729( 7.6946)  0.5726( 7.6875)  0.5458( 7.9382)  0.5385( 7.3520)  0.5350( 7.7541)  0.5266( 7.6029)  0.6374( 8.1223)  0.6095( 8.6132)  0.6449( 7.8575)  0.8146( 8.4902)  0.6915( 6.5936)  0.6362( 7.0338)  0.9851( 6.2375)  0.7674( 6.8247)  1.0158( 7.0620)  1.0335( 9.7463)  0.7047( 7.1597)  0.8376( 8.7797)  0.9536( 6.9337)  0.8035( 6.8658)  0.4532( 4.5420)  0.4378( 6.1313)  0.4823( 6.8257)  0.4645( 6.5795)  0.4746( 6.3079)  0.4714( 6.6923)  0.5882( 7.7957)  0.6209( 6.6688)
pteropus_vampyrus    0.4914( 8.2308)  0.4848( 8.0912)  0.4881( 8.4050)  0.5038( 7.5464)  0.5388( 8.7036)  0.4835( 7.1594)  0.4923( 7.5379)  0.5122( 7.4931)  0.5041( 7.3432)  0.5039( 7.3334)  0.4892( 7.7019)  0.4874( 7.2536)  0.4757( 6.7990)  0.4742( 6.7905)  0.5866( 7.6127)  0.5782( 8.7064)  0.6219( 7.7549)  0.7054( 8.3127)  0.6163( 6.0912)  0.5609( 6.9843)  1.0634( 8.2724)  0.8356( 9.2137)  1.0936( 9.7896)  1.1136(11.6842)  0.6883( 7.9562)  0.9094(13.0738)  0.9443( 5.8853)  0.7696( 7.2009)  0.5018( 6.7300)  0.5122( 8.3498)  0.5379( 8.0126)  0.4650( 6.2180)  0.4323( 6.5624)  0.4227( 6.7974)  0.4830( 8.1374)  0.5723( 7.2600)  0.4758( 7.1878)
sorex_araneus      0.7434( 4.9533)  0.7158( 4.6926)  0.7179( 4.8231)  0.8014( 5.2482)  0.7470( 4.7609)  0.7022( 4.3506)  0.7029( 4.4597)  0.7256( 4.4606)  0.7165( 4.3796)  0.7197( 4.1970)  0.7200( 4.7281)  0.7064( 4.4024)  0.6899( 4.5511)  0.7039( 4.7012)  0.8093( 4.8007)  0.8180( 4.9953)  0.9235( 5.3139)  1.1662( 6.3301)  0.9698( 4.5987)  0.9024( 5.7742)  1.3597( 6.4743)  1.3345( 7.2022)  1.4480( 7.7367)  1.4621( 7.2050)  1.1471( 5.4806)  1.6802(10.5015)  1.3688( 5.2585)  1.1746( 5.7345)  0.8030( 5.7341)  0.8097( 5.7046)  0.9604( 6.8593)  0.8264( 7.3781)  0.7283( 6.2761)  0.7280( 6.5833)  0.9202( 6.0416)  0.9599( 5.0115)  0.9559( 5.8323)  0.9247( 6.1971)
loxodonta_africana    0.2895( 4.3038)  0.2884( 4.0267)  0.2962( 4.1883)  0.2730( 3.4871)  0.3229( 4.4874)  0.3012( 4.2748)  0.2871( 3.9758)  0.3298( 4.5999)  0.3202( 4.4044)  0.3231( 4.7395)  0.3052( 4.6298)  0.2960( 4.1779)  0.2849( 4.1977)  0.2849( 4.1977)  0.3963( 5.8697)  0.3777( 5.8309)  0.4015( 5.6540)  0.4260( 3.5795)  0.4540( 3.1565)  0.3862( 3.2104)  0.6565( 4.1841)  0.5159( 4.7478)  0.6502( 4.1680)  0.7813( 6.1061)  0.4263( 3.7423)  0.5058( 5.4370)  0.5839( 4.2982)  0.6124( 6.5939)  0.3480( 3.3306)  0.4395( 4.3847)  0.4164( 4.4422)  0.3162( 3.9903)  0.2941( 3.5544)  0.2882( 3.6717)  0.4366( 2.8782)  0.5123( 4.0739)  0.4582( 4.4853)  0.4028( 3.4770)  0.8413( 4.0751)

TREE #  1:  (40, (((((((21, 22), 23), (25, 24)), 26), (28, 27)), ((20, 19), (18, (((17, 16), 15), (((((2, 3), 1), 4), 5), (((14, 13), 12), (11, ((7, 6), ((9, 8), 10))))))))), (39, (((36, 35), (((33, 34), 32), (31, (30, 29)))), (38, 37)))));  MP score: -1.00
lnL(ntime: 78  np: 80): -10169.674695    +0.000000
  41..40   41..42   42..43   43..44   44..45   45..46   46..47   47..48   48..21   48..22   47..23   46..49   49..25   49..24   45..26   44..50   50..28   50..27   43..51   51..52   52..20   52..19   51..53   53..18   53..54   54..55   55..56   56..17   56..16   55..15   54..57   57..58   58..59   59..60   60..61   61..2    61..3    60..1    59..4    58..5    57..62   62..63   63..64   64..14   64..13   63..12   62..65   65..11   65..66   66..67   67..7    67..6    66..68   68..69   69..9    69..8    68..10   42..70   70..39   70..71   71..72   72..73   73..36   73..35   72..74   74..75   75..76   76..33   76..34   75..32   74..77   77..31   77..78   78..30   78..29   71..79   79..38   79..37 
 0.075399 0.086706 0.009560 0.010335 0.004913 0.093370 0.032709 0.000004 0.146235 0.071520 0.115115 0.033136 0.052204 0.112204 0.212567 0.017591 0.216258 0.270853 0.011162 0.040186 0.068020 0.150865 0.001739 0.159902 0.056629 0.043859 0.001356 0.042552 0.011881 0.014963 0.012737 0.014652 0.007102 0.001342 0.004242 0.001412 0.001409 0.002820 0.017253 0.020217 0.017341 0.000004 0.007118 0.000004 0.001413 0.008525 0.006776 0.007731 0.001827 0.000004 0.005641 0.005636 0.006117 0.000004 0.001392 0.001393 0.004236 0.021100 0.319000 0.004478 0.004468 0.000004 0.191195 0.142179 0.025491 0.089946 0.011147 0.003057 0.001483 0.020106 0.010991 0.107117 0.023231 0.078172 0.082222 0.023426 0.141852 0.156887 3.886377 3.803947

tree length =   3.77970

(loxodonta_africana, (((((((cavia_porcellus, chinchilla_lanigera), octodon_degus), (heterocephalus_glaber_male, fukomys_damarensis)), ictidomys_tridecemlineatus), (dipodomys_ordii, jaculus_jaculus)), ((propithecus_coquereli, otolemur_garnettii), (carlito_syrichta, (((saimiri_boliviensis_boliviensis, cebus_capucinus), aotus_nancymaae), (((((pan_paniscus, pan_troglodytes), homo_sapiens), gorilla_gorilla), nomascus_leucogenys), (((rhinopithecus_roxellana, rhinopithecus_bieti), colobus_angolensis_palliatus), (chlorocebus_sabaeus, ((mandrillus_leucophaeus, cercocebus_atys), ((macaca_mulatta, macaca_fascicularis), macaca_nemestrina))))))))), (sorex_araneus, (((sus_scrofa, equus_caballus), (((panthera_pardus, panthera_tigris_altaica), felis_catus), (canis_familiaris, (mustela_putorius_furo, ailuropoda_melanoleuca)))), (pteropus_vampyrus, myotis_lucifugus)))));

(loxodonta_africana: 0.075399, (((((((cavia_porcellus: 0.146235, chinchilla_lanigera: 0.071520): 0.000004, octodon_degus: 0.115115): 0.032709, (heterocephalus_glaber_male: 0.052204, fukomys_damarensis: 0.112204): 0.033136): 0.093370, ictidomys_tridecemlineatus: 0.212567): 0.004913, (dipodomys_ordii: 0.216258, jaculus_jaculus: 0.270853): 0.017591): 0.010335, ((propithecus_coquereli: 0.068020, otolemur_garnettii: 0.150865): 0.040186, (carlito_syrichta: 0.159902, (((saimiri_boliviensis_boliviensis: 0.042552, cebus_capucinus: 0.011881): 0.001356, aotus_nancymaae: 0.014963): 0.043859, (((((pan_paniscus: 0.001412, pan_troglodytes: 0.001409): 0.004242, homo_sapiens: 0.002820): 0.001342, gorilla_gorilla: 0.017253): 0.007102, nomascus_leucogenys: 0.020217): 0.014652, (((rhinopithecus_roxellana: 0.000004, rhinopithecus_bieti: 0.001413): 0.007118, colobus_angolensis_palliatus: 0.008525): 0.000004, (chlorocebus_sabaeus: 0.007731, ((mandrillus_leucophaeus: 0.005641, cercocebus_atys: 0.005636): 0.000004, ((macaca_mulatta: 0.001392, macaca_fascicularis: 0.001393): 0.000004, macaca_nemestrina: 0.004236): 0.006117): 0.001827): 0.006776): 0.017341): 0.012737): 0.056629): 0.001739): 0.011162): 0.009560, (sorex_araneus: 0.319000, (((sus_scrofa: 0.191195, equus_caballus: 0.142179): 0.000004, (((panthera_pardus: 0.003057, panthera_tigris_altaica: 0.001483): 0.011147, felis_catus: 0.020106): 0.089946, (canis_familiaris: 0.107117, (mustela_putorius_furo: 0.078172, ailuropoda_melanoleuca: 0.082222): 0.023231): 0.010991): 0.025491): 0.004468, (pteropus_vampyrus: 0.141852, myotis_lucifugus: 0.156887): 0.023426): 0.004478): 0.021100): 0.086706);

Detailed output identifying parameters

Parameters (kappa) in the rate matrix (HKY85) (Yang 1994 J Mol Evol 39:105-111):
  3.88638

alpha (gamma, K=5) =  3.80395
rate:   0.40550  0.68153  0.91571  1.20026  1.79700
freq:   0.20000  0.20000  0.20000  0.20000  0.20000

check convergence..
