
BASEML (in paml version 4.9h, March 2018)  ../../0_chopped_alignments/segment_10270_10563/alignment.fa  HKY85 dGamma (ncatG=5)
Frequencies..
                                    T      C      A      G
homo_sapiens                   0.30120 0.28112 0.21285 0.20482 GC = 0.486
pan_paniscus                   0.29317 0.28514 0.21285 0.20884 GC = 0.494
pan_troglodytes                0.29317 0.28112 0.21285 0.21285 GC = 0.494
gorilla_gorilla                0.29317 0.28514 0.20884 0.21285 GC = 0.498
nomascus_leucogenys            0.29317 0.25703 0.22088 0.22892 GC = 0.486
cercocebus_atys                0.30081 0.26423 0.21545 0.21951 GC = 0.484
mandrillus_leucophaeus         0.29675 0.26829 0.21138 0.22358 GC = 0.492
macaca_fascicularis            0.29268 0.26829 0.21951 0.21951 GC = 0.488
macaca_mulatta                 0.32852 0.24910 0.24188 0.18051 GC = 0.430
macaca_nemestrina              0.29675 0.26423 0.21951 0.21951 GC = 0.484
chlorocebus_sabaeus            0.30924 0.26104 0.21687 0.21285 GC = 0.474
colobus_angolensis_palliatus   0.29719 0.27309 0.23293 0.19679 GC = 0.470
rhinopithecus_bieti            0.29719 0.26506 0.22490 0.21285 GC = 0.478
rhinopithecus_roxellana        0.29719 0.26908 0.22490 0.20884 GC = 0.478
aotus_nancymaae                0.30924 0.25301 0.24900 0.18876 GC = 0.442
cebus_capucinus                0.31325 0.25703 0.24096 0.18876 GC = 0.446
saimiri_boliviensis_boliviensis 0.32932 0.23293 0.23695 0.20080 GC = 0.434
otolemur_garnettii             0.32990 0.27835 0.22680 0.16495 GC = 0.443
propithecus_coquereli          0.30612 0.28061 0.18878 0.22449 GC = 0.505
cavia_porcellus                0.31513 0.27731 0.23109 0.17647 GC = 0.454
chinchilla_lanigera            0.30802 0.26582 0.23207 0.19409 GC = 0.460
octodon_degus                  0.32900 0.25541 0.21645 0.19913 GC = 0.455
fukomys_damarensis             0.30769 0.28340 0.22672 0.18219 GC = 0.466
ictidomys_tridecemlineatus     0.26636 0.33645 0.19626 0.20093 GC = 0.537
jaculus_jaculus                0.29493 0.28111 0.23963 0.18433 GC = 0.465
dipodomys_ordii                0.32489 0.30380 0.21941 0.15190 GC = 0.456
ailuropoda_melanoleuca         0.33190 0.24138 0.22414 0.20259 GC = 0.444
mustela_putorius_furo          0.32035 0.26407 0.23377 0.18182 GC = 0.446
canis_familiaris               0.32340 0.24255 0.23830 0.19574 GC = 0.438
felis_catus                    0.32677 0.22835 0.22441 0.22047 GC = 0.449
panthera_pardus                0.32083 0.23750 0.21667 0.22500 GC = 0.463
panthera_tigris_altaica        0.32489 0.23207 0.21941 0.22363 GC = 0.456
equus_caballus                 0.33858 0.23622 0.23622 0.18898 GC = 0.425
sus_scrofa                     0.30453 0.25926 0.20165 0.23457 GC = 0.494
myotis_lucifugus               0.34483 0.23707 0.21552 0.20259 GC = 0.440
pteropus_vampyrus              0.32627 0.25424 0.21610 0.20339 GC = 0.458
sorex_araneus                  0.35124 0.23554 0.26033 0.15289 GC = 0.388
loxodonta_africana             0.30568 0.24017 0.22707 0.22707 GC = 0.467

Homogeneity statistic: X2 = 0.21571 G = 0.21661 

Average                        0.31167 0.26236 0.22378 0.20219
(Ambiguity characters are used to calculate freqs.)


# constant sites:      7 (2.38%)
Distances:HKY85 (kappa)  (alpha set at 0.50)
This matrix is not used in later m.l. analysis.

(Pairwise deletion.)
homo_sapiens     
pan_paniscus       0.0308( 0.8361)
pan_troglodytes    0.0263( 1.0559)  0.0041(-0.0062)
gorilla_gorilla    0.0286( 2.4391)  0.0143( 1.4049)  0.0100( 2.7992)
nomascus_leucogenys    0.0803( 1.4646)  0.0605( 1.8806)  0.0555( 2.2019)  0.0606( 1.8808)
cercocebus_atys    0.0745( 2.6805)  0.0481( 3.4923)  0.0434( 4.6820)  0.0550( 4.2632)  0.0734( 4.6761)
mandrillus_leucophaeus    0.0530( 2.7769)  0.0460( 3.2481)  0.0414( 4.3737)  0.0429( 7.9915)  0.0639( 3.8202)  0.0247( 3.7985)
macaca_fascicularis    0.0537( 1.9990)  0.0291( 2.5092)  0.0247( 3.7915)  0.0354( 3.4665)  0.0526( 4.0617)  0.0166( 5.8986)  0.0263(10.4440)
macaca_mulatta     0.4158( 5.0382)  0.3912( 4.2402)  0.3774( 4.4181)  0.3910( 4.2348)  0.5042( 4.1402)  0.4201( 4.7380)  0.4253( 4.0581)  0.3882( 3.8781)
macaca_nemestrina    0.0579( 2.3062)  0.0330( 3.1025)  0.0285( 4.6910)  0.0393( 4.0598)  0.0567( 4.5371)  0.0203( 7.6402)  0.0301(12.2661)  0.0034(999.0000)  0.3951( 3.9854)
chlorocebus_sabaeus    0.0805( 3.0950)  0.0540( 4.2147)  0.0495( 5.6767)  0.0606( 4.9563)  0.0795( 5.3036)  0.0539(10.6082)  0.0521(10.1843)  0.0342(14.1777)  0.3860( 3.5143)  0.0384(16.1874)
colobus_angolensis_palliatus    0.0952( 1.6581)  0.0745( 2.0948)  0.0692( 2.4067)  0.0745( 2.0938)  0.0898( 2.3646)  0.0734( 6.3732)  0.0721( 3.3618)  0.0623( 3.6385)  0.3942( 3.6275)  0.0661( 3.9842)  0.0629( 5.2540)
rhinopithecus_bieti    0.0785( 1.0367)  0.0588( 1.2574)  0.0538( 1.4499)  0.0588( 1.2572)  0.0661( 1.2312)  0.0495( 3.6841)  0.0494( 1.7038)  0.0399( 1.6401)  0.3971( 3.6882)  0.0434( 1.9611)  0.0455( 3.2813)  0.0358( 2.1681)
rhinopithecus_roxellana    0.0775( 1.3320)  0.0579( 1.6982)  0.0530( 1.9970)  0.0579( 1.6979)  0.0652( 1.6232)  0.0487( 5.5245)  0.0487( 2.4209)  0.0389( 2.4781)  0.3959( 3.9970)  0.0426( 2.8952)  0.0452( 5.0468)  0.0314( 2.9119)  0.0041(-0.0062)
aotus_nancymaae    0.1682( 4.4357)  0.1685( 3.8410)  0.1613( 4.1902)  0.1685( 3.8370)  0.1820( 3.8095)  0.1596( 6.6924)  0.1548( 4.5689)  0.1536( 5.3487)  0.6929( 6.8821)  0.1588( 5.5995)  0.1825( 5.8271)  0.1679( 3.8529)  0.1429( 4.1536)  0.1422( 4.8800)
cebus_capucinus    0.1911( 5.2698)  0.1877( 8.2058)  0.1793( 9.3087)  0.1876( 8.1950)  0.1756( 6.5022)  0.2102(13.5662)  0.1746(10.9304)  0.1762(13.8808)  0.7570( 7.6473)  0.1807(14.3025)  0.1957(12.6388)  0.1900( 6.1115)  0.1635( 6.9827)  0.1626( 8.3193)  0.1076( 3.9565)
saimiri_boliviensis_boliviensis    0.2175( 6.3150)  0.1885( 8.3088)  0.1807( 9.4626)  0.1884( 8.3028)  0.1966( 7.5750)  0.1566( 9.6894)  0.1628(10.1373)  0.1610(12.6141)  0.8215( 8.5582)  0.1665(13.1242)  0.2116(13.9396)  0.1891( 6.1211)  0.1622( 6.9688)  0.1619( 8.3372)  0.1118( 4.2202)  0.0851( 7.9209)
otolemur_garnettii    0.7664( 6.1654)  0.7561( 6.1289)  0.7561( 6.1289)  0.7331( 5.3497)  0.7897( 4.7152)  0.8206( 7.9087)  0.7839( 6.2483)  0.7275( 6.2476)  1.8427(11.9098)  0.7564( 6.5729)  0.7970( 5.9996)  0.8512( 5.9516)  0.8098( 5.6528)  0.8189( 6.2088)  0.9377( 6.3811)  1.0389( 7.8034)  1.2813(10.9548)
propithecus_coquereli    0.4271( 8.8713)  0.3993( 7.2559)  0.3867( 7.9232)  0.3731( 8.5960)  0.3512( 7.1284)  0.3587( 9.3290)  0.3473(12.1825)  0.3251( 9.6301)  1.1607(11.7893)  0.3420(10.2386)  0.4161( 9.9105)  0.4290( 8.9787)  0.3962( 6.4584)  0.4011( 7.3545)  0.4678( 6.4562)  0.4126( 7.6053)  0.4955( 9.6432)  0.8202( 7.8879)
cavia_porcellus    0.8900( 8.4921)  0.8541( 6.6019)  0.8247( 6.7833)  0.8289( 7.2834)  0.8431( 6.6441)  0.8596( 7.5763)  0.8856( 9.0133)  0.7825( 7.2374)  1.4722( 6.1461)  0.8055( 7.5102)  0.9580(10.0721)  0.9470( 7.6043)  0.8623( 6.7969)  0.8669( 7.2935)  0.8798( 6.5897)  0.7794( 5.9456)  1.0808(10.3180)  2.4762( 9.4564)  1.0282( 9.5649)
chinchilla_lanigera    0.8057( 5.7611)  0.7340( 4.7408)  0.7153( 4.9296)  0.7241( 5.3641)  0.7699( 4.8416)  0.7212( 5.2808)  0.8522( 7.5540)  0.6786( 5.2382)  1.1410( 4.7023)  0.7109( 5.5835)  0.9068( 7.2774)  0.8078( 4.7590)  0.7773( 4.5354)  0.7863( 4.9266)  1.0523( 6.0547)  0.9972( 7.2370)  1.2360( 9.5347)  1.3507( 5.7627)  0.7483( 6.4436)  0.3692( 6.5666)
octodon_degus      0.9870( 9.9150)  0.9087(11.1630)  0.9318(10.7351)  0.9126( 9.7153)  0.9164( 9.9721)  1.1319(14.3229)  1.0320(12.8637)  0.9565(12.7243)  1.9523(11.1042)  1.0024(13.4407)  1.0935(13.9881)  1.0539(10.1391)  0.9670( 9.2112)  0.9822(10.0144)  1.0492( 9.5893)  1.0931(12.1759)  1.2941(14.9611)  2.5773(11.5717)  0.9299(11.8015)  0.3586( 6.4923)  0.3664( 4.5636)
fukomys_damarensis    1.1258(10.5690)  1.0576(10.4858)  1.0241(10.8010)  0.9974( 9.7777)  1.0349( 9.8215)  1.0892(12.2812)  1.1310(12.8183)  0.9360(11.0323)  3.8818(23.0501)  0.9714(11.5266)  1.1603(13.3877)  1.1795(10.6310)  1.0571( 9.3826)  1.0685(10.0825)  1.0627( 8.3928)  1.1219(11.3855)  1.2936(13.5462)  1.9330(10.0521)  1.1345(10.8453)  0.4691( 5.3621)  0.5216( 5.7956)  0.3056( 4.1439)
ictidomys_tridecemlineatus    0.8782( 5.7755)  0.8910( 5.9475)  0.8618( 6.1656)  0.8417( 5.5174)  0.7943( 5.2406)  0.9639( 7.5672)  0.9085( 7.0301)  0.8162( 6.6379)  2.3258( 8.0838)  0.8453( 6.9408)  0.8334( 6.3916)  0.7706( 4.2152)  0.8187( 4.6407)  0.7976( 4.8108)  1.0206( 6.2513)  0.9165( 6.2230)  1.0887( 9.0093)  2.1473( 6.3405)  1.1563(12.0251)  1.6902(14.4940)  2.2163(14.9017)  2.1494(21.7945)  1.5524(10.7273)
jaculus_jaculus    0.7495( 5.3260)  0.6837( 3.9918)  0.7007( 4.5028)  0.6841( 4.6940)  0.8384( 5.4567)  0.7404( 5.1790)  0.7084( 5.7110)  0.7125( 5.3373)  1.8360(11.4960)  0.7125( 5.3388)  0.8623( 6.4772)  0.9600( 6.9520)  0.8548( 4.7926)  0.8589( 5.1792)  1.2688( 8.1023)  1.4320(10.5995)  1.5212(11.4966)  2.0155( 7.7518)  1.5681(13.6945)  2.5676(17.0868)  1.9381(11.4184)  2.8239(20.8073)  2.6361(14.3815)  2.6913(13.4868)
dipodomys_ordii    0.6893( 6.2923)  0.6280( 5.1815)  0.6077( 5.3781)  0.5941( 5.6125)  0.6594( 5.3019)  0.6725( 6.5796)  0.6037( 6.6921)  0.6131( 6.3325)  1.3364( 6.1191)  0.6318( 6.5839)  0.6607( 6.5231)  0.7432( 6.5504)  0.6890( 5.1635)  0.6933( 5.5782)  0.6885( 4.4828)  0.8727( 8.0456)  0.8054( 7.3734)  1.3316( 7.5044)  0.5792( 5.8761)  1.3930(10.8401)  1.1011( 6.7859)  1.0494( 7.9071)  1.3408( 8.6969)  1.8337(13.1243)  1.2662( 7.8772)
ailuropoda_melanoleuca    0.3768( 7.1027)  0.3732( 6.3439)  0.3621( 6.7902)  0.3517( 7.2621)  0.3489( 5.9150)  0.3633( 7.5229)  0.3455( 8.8720)  0.3314( 7.5100)  0.9634( 7.9196)  0.3430( 7.8469)  0.3521( 7.3504)  0.3641( 5.0622)  0.3541( 4.8990)  0.3564( 5.4498)  0.4634( 6.4611)  0.3727( 6.4112)  0.4112( 7.3572)  1.6094(11.0166)  0.6527(21.0791)  1.0337(13.0758)  1.3627(14.5300)  1.7130(28.0374)  1.5849(18.2094)  0.7701( 7.7342)  1.3503(10.4552)  1.2158(12.0172)
mustela_putorius_furo    0.4195( 7.2365)  0.4168( 6.5269)  0.4033( 6.9260)  0.3930( 7.3940)  0.4047( 6.3995)  0.4169( 7.9169)  0.3697( 8.4567)  0.3804( 7.8655)  1.0248( 6.8695)  0.3911( 8.1454)  0.3907( 7.4135)  0.4040( 5.2193)  0.3980( 5.1422)  0.3996( 5.6698)  0.5003( 6.4400)  0.4148( 6.5740)  0.4744( 7.8739)  1.6655(11.1761)  0.6051(16.8120)  1.0884(12.7309)  1.0924(11.8857)  1.2055(17.5484)  1.3880(14.4581)  0.9435( 7.7894)  1.2507(10.0701)  1.0800(11.9486)  0.1025( 6.6022)
canis_familiaris    0.4148( 6.6376)  0.4078( 7.1779)  0.3953( 7.6593)  0.3880( 6.7349)  0.3759( 6.5816)  0.4037( 8.6477)  0.3587( 7.4546)  0.3671( 8.6009)  1.0773( 9.1932)  0.3787( 8.9397)  0.3397( 7.0853)  0.3614( 5.0652)  0.3510( 4.8877)  0.3534( 5.4405)  0.3997( 5.3628)  0.3281( 5.4718)  0.4344( 7.9547)  1.2891( 8.0114)  0.6563(16.3054)  0.9889(10.9187)  1.1048(10.0452)  1.0930(18.5385)  1.2726(14.4107)  0.7823( 7.2531)  1.7510(12.5220)  1.2167(10.6261)  0.0956( 6.1349)  0.1183( 4.9138)
felis_catus        0.3682( 6.8010)  0.3903( 6.0801)  0.3805( 6.4836)  0.3856( 7.2449)  0.3453( 4.7720)  0.3504( 6.3586)  0.3433( 7.6276)  0.3257( 6.4167)  0.9398( 5.8028)  0.3394( 6.7745)  0.3477( 6.4040)  0.3820( 4.9501)  0.3424( 4.2546)  0.3462( 4.7439)  0.4533( 6.8503)  0.3951( 6.2569)  0.4532( 7.5469)  1.7863(10.5716)  0.6457(16.2299)  0.9602(11.4815)  1.2727(10.0613)  1.2367(15.9418)  1.6501(15.4023)  0.7773( 6.7767)  1.3424( 7.9368)  1.3428(10.1953)  0.1687( 6.6673)  0.2104( 7.3478)  0.1435( 4.4967)
panthera_pardus    0.3904( 6.4781)  0.3813( 5.2169)  0.3711( 5.5438)  0.3753( 6.1807)  0.3346( 5.3868)  0.3576( 5.7497)  0.3804( 7.6164)  0.3318( 5.7608)  0.9765( 5.5120)  0.3453( 6.0819)  0.3521( 5.7326)  0.3892( 4.4950)  0.3481( 3.8355)  0.3516( 4.2735)  0.4619( 6.2524)  0.4333( 6.2657)  0.4793( 7.2032)  1.9911(10.6489)  0.6941(15.6517)  0.9770(10.9257)  1.2642( 9.0658)  1.2690(15.3117)  1.5502(13.1326)  0.8007( 6.5303)  1.3671( 7.7179)  1.2886( 8.8024)  0.1755( 5.8921)  0.2173( 6.5595)  0.1500( 4.0160)  0.0239( 3.5563)
panthera_tigris_altaica    0.3670( 7.9564)  0.3734( 6.6423)  0.3635( 7.1318)  0.3685( 8.0391)  0.3321( 5.7916)  0.3347( 7.0745)  0.3413( 9.1005)  0.3096( 7.1809)  0.9342( 6.1579)  0.3229( 7.5820)  0.3302( 7.0705)  0.3653( 5.3332)  0.3253( 4.5611)  0.3290( 5.1175)  0.4492( 7.0780)  0.3934( 7.1806)  0.4533( 8.6667)  1.9036(12.1370)  0.6743(17.0128)  0.9855(11.8102)  1.2695(10.7628)  1.3044(16.8989)  1.5805(15.7530)  0.7768( 6.7678)  1.3054( 8.6860)  1.2386( 9.9235)  0.1686( 6.6432)  0.2106( 7.3379)  0.1435( 4.4837)  0.0112(999.0000)  0.0043(-0.0064)
equus_caballus     0.7807(12.7898)  0.6986(12.2072)  0.6859(13.0269)  0.6799(11.8218)  0.6562(10.6638)  0.5997(12.0799)  0.7097(14.6367)  0.5697(12.4962)  1.6888(13.1663)  0.6039(13.3754)  0.5965(12.1853)  0.6576( 9.7711)  0.6116( 8.9875)  0.5936( 9.3740)  0.7840(12.1550)  0.7428(13.2882)  0.7717(14.0215)  2.5036(21.8033)  0.6862(16.8740)  0.7249( 7.4696)  1.1316( 9.7568)  0.7667(11.3373)  1.0951(10.6688)  0.9501( 9.1435)  1.2491( 7.4328)  1.3766(11.6270)  0.3294(12.5453)  0.3741(12.4622)  0.3557(10.7075)  0.4901(12.3812)  0.4674(12.0622)  0.4327(12.1805)
sus_scrofa         0.6396( 7.3622)  0.6023( 7.4111)  0.5855( 7.7888)  0.5753( 6.9931)  0.5767( 6.5999)  0.6417( 9.3783)  0.5849( 8.3725)  0.6113( 9.6432)  1.3469( 9.0974)  0.6321(10.0439)  0.6210( 9.1432)  0.6066( 6.9246)  0.6297( 6.7741)  0.6154( 7.0963)  0.7269( 7.0168)  0.6905( 7.5916)  0.6193( 6.6741)  2.2760(13.6765)  0.9631(13.6635)  1.6655(13.1179)  2.0353(13.7062)  1.5866(16.5368)  2.3178(16.0883)  0.8845( 7.1152)  2.0588( 9.1843)  1.5401(10.8534)  0.2435( 4.6182)  0.3112( 5.6501)  0.2509( 3.8359)  0.3957( 6.0061)  0.3795( 6.3305)  0.3624( 6.5300)  0.4572(10.5849)
myotis_lucifugus    0.4577(11.0635)  0.4456(12.0143)  0.4336(13.1388)  0.4263(11.4129)  0.3770(10.0643)  0.4167(14.1587)  0.3971(13.3761)  0.3547(13.5249)  1.1996(11.7189)  0.3700(14.2046)  0.4084(14.0230)  0.4741(10.4932)  0.4179( 9.0749)  0.4227(10.2125)  0.5476(12.6453)  0.4347(13.3447)  0.4718(19.1612)  0.9916( 7.2626)  0.5880(16.2454)  1.2460(16.1793)  1.3926(13.9091)  1.3720(21.7017)  1.5450(18.8851)  1.1666(15.6779)  1.6344(11.3736)  1.0184(12.1583)  0.2475( 6.6757)  0.2364( 5.3856)  0.2138( 5.5529)  0.3275( 6.7988)  0.3365( 6.2974)  0.3274( 6.7720)  0.3597(12.1027)  0.3404( 6.4471)
pteropus_vampyrus    0.4958( 4.5908)  0.5051( 5.1304)  0.4900( 5.3702)  0.4809( 4.7927)  0.5124( 4.9365)  0.5039( 5.9992)  0.4638( 5.3631)  0.4361( 5.4049)  1.3354( 9.3712)  0.4490( 5.6257)  0.4562( 5.8537)  0.4230( 4.4126)  0.4542( 4.1286)  0.4431( 4.3283)  0.5146( 4.5645)  0.4129( 4.6709)  0.5529( 7.5946)  1.2831( 4.8500)  0.7304(13.6006)  0.9122( 8.7230)  1.4179( 9.3328)  0.9753(13.1358)  1.5501(11.0615)  0.7878( 9.4998)  1.8042( 8.7894)  1.3415( 7.5823)  0.1983( 4.6990)  0.2243( 4.7591)  0.1689( 3.1924)  0.2883( 5.1679)  0.2728( 4.1510)  0.2420( 4.9197)  0.3074( 4.4432)  0.3317( 4.0358)  0.2118( 4.4666)
sorex_araneus      1.0224( 6.3400)  1.0442( 6.9503)  1.0126( 7.1422)  0.9894( 6.4786)  1.0285( 6.5728)  0.9898( 6.4314)  0.9615( 6.1801)  0.9055( 6.1210)  4.3439(23.2702)  0.9341( 6.3816)  1.0959( 7.4816)  1.0608( 5.6028)  1.0455( 6.2582)  1.0551( 6.7170)  0.7317( 3.8371)  0.7121( 4.8597)  0.8292( 5.2928)  1.7782( 5.1369)  1.1878(11.9128)  1.4320( 6.4017)  1.6694( 6.1921)  1.7467( 9.9383)  1.8743( 7.4503)  1.8111(11.4800)  4.5273(12.7891)  2.1212( 7.4067)  0.5854( 5.0820)  0.6502( 6.2053)  0.5776( 4.3116)  0.7785( 5.8651)  0.8103( 5.9214)  0.7534( 6.0423)  0.7236( 5.2079)  0.9477( 6.2871)  0.8244( 8.5231)  0.7735( 5.2733)
loxodonta_africana    0.5332( 5.8466)  0.4910( 5.2239)  0.4802( 5.5420)  0.4802( 5.5423)  0.4542( 3.9958)  0.4139( 5.3478)  0.4123( 4.8472)  0.3764( 4.2523)  1.2634( 7.9850)  0.3940( 4.5484)  0.5138( 5.6087)  0.4765( 4.2494)  0.4578( 4.3867)  0.4578( 4.3867)  0.5865( 5.3164)  0.5204( 4.4639)  0.5211( 4.5108)  1.3478( 5.9713)  0.5583( 6.7776)  1.2419( 8.7664)  1.4394( 8.6384)  1.1432( 9.1362)  1.6879(11.9174)  1.3069( 6.8644)  1.2801( 5.4714)  1.0166( 6.0279)  0.3447( 4.3649)  0.4126( 6.1043)  0.3847( 4.6524)  0.4416( 5.8619)  0.4371( 5.2642)  0.4251( 5.5575)  0.4413( 5.2093)  0.4763( 4.3564)  0.3893( 3.9088)  0.4324( 2.9396)  0.8614( 5.2974)

TREE #  1:  (38, (((((((20, 21), 22), 23), 24), (26, 25)), ((19, 18), (((17, 16), 15), (((((2, 3), 1), 4), 5), (((14, 13), 12), (11, ((7, 6), ((9, 8), 10)))))))), (37, (((34, 33), (((31, 32), 30), (29, (28, 27)))), (36, 35)))));  MP score: -1.00
lnL(ntime: 74  np: 76):  -3637.705942    +0.000000
  39..38   39..40   40..41   41..42   42..43   43..44   44..45   45..46   46..20   46..21   45..22   44..23   43..24   42..47   47..26   47..25   41..48   48..49   49..19   49..18   48..50   50..51   51..52   52..17   52..16   51..15   50..53   53..54   54..55   55..56   56..57   57..2    57..3    56..1    55..4    54..5    53..58   58..59   59..60   60..14   60..13   59..12   58..61   61..11   61..62   62..63   63..7    63..6    62..64   64..65   65..9    65..8    64..10   40..66   66..37   66..67   67..68   68..69   69..34   69..33   68..70   70..71   71..72   72..31   72..32   71..30   70..73   73..29   73..74   74..28   74..27   67..75   75..36   75..35 
 0.122989 0.048209 0.062404 0.026220 0.000004 0.156624 0.000004 0.025259 0.091009 0.115655 0.103774 0.138830 0.292726 0.046823 0.210203 0.290172 0.004380 0.044599 0.114965 0.290425 0.048938 0.037725 0.011263 0.038746 0.029655 0.048630 0.018661 0.004710 0.020195 0.000004 0.003947 0.004059 0.000004 0.020755 0.004183 0.033612 0.000004 0.020613 0.004931 0.000004 0.004074 0.024257 0.004069 0.029118 0.004111 0.008240 0.016702 0.008317 0.000004 0.000004 0.246146 0.000004 0.004100 0.014706 0.301208 0.021495 0.003743 0.023318 0.128070 0.131534 0.026909 0.084216 0.006513 0.006743 0.000004 0.012769 0.011884 0.030875 0.021989 0.045960 0.033915 0.011861 0.097385 0.093658 3.699491 4.085112

tree length =   3.99382

(loxodonta_africana, (((((((cavia_porcellus, chinchilla_lanigera), octodon_degus), fukomys_damarensis), ictidomys_tridecemlineatus), (dipodomys_ordii, jaculus_jaculus)), ((propithecus_coquereli, otolemur_garnettii), (((saimiri_boliviensis_boliviensis, cebus_capucinus), aotus_nancymaae), (((((pan_paniscus, pan_troglodytes), homo_sapiens), gorilla_gorilla), nomascus_leucogenys), (((rhinopithecus_roxellana, rhinopithecus_bieti), colobus_angolensis_palliatus), (chlorocebus_sabaeus, ((mandrillus_leucophaeus, cercocebus_atys), ((macaca_mulatta, macaca_fascicularis), macaca_nemestrina)))))))), (sorex_araneus, (((sus_scrofa, equus_caballus), (((panthera_pardus, panthera_tigris_altaica), felis_catus), (canis_familiaris, (mustela_putorius_furo, ailuropoda_melanoleuca)))), (pteropus_vampyrus, myotis_lucifugus)))));

(loxodonta_africana: 0.122989, (((((((cavia_porcellus: 0.091009, chinchilla_lanigera: 0.115655): 0.025259, octodon_degus: 0.103774): 0.000004, fukomys_damarensis: 0.138830): 0.156624, ictidomys_tridecemlineatus: 0.292726): 0.000004, (dipodomys_ordii: 0.210203, jaculus_jaculus: 0.290172): 0.046823): 0.026220, ((propithecus_coquereli: 0.114965, otolemur_garnettii: 0.290425): 0.044599, (((saimiri_boliviensis_boliviensis: 0.038746, cebus_capucinus: 0.029655): 0.011263, aotus_nancymaae: 0.048630): 0.037725, (((((pan_paniscus: 0.004059, pan_troglodytes: 0.000004): 0.003947, homo_sapiens: 0.020755): 0.000004, gorilla_gorilla: 0.004183): 0.020195, nomascus_leucogenys: 0.033612): 0.004710, (((rhinopithecus_roxellana: 0.000004, rhinopithecus_bieti: 0.004074): 0.004931, colobus_angolensis_palliatus: 0.024257): 0.020613, (chlorocebus_sabaeus: 0.029118, ((mandrillus_leucophaeus: 0.016702, cercocebus_atys: 0.008317): 0.008240, ((macaca_mulatta: 0.246146, macaca_fascicularis: 0.000004): 0.000004, macaca_nemestrina: 0.004100): 0.000004): 0.004111): 0.004069): 0.000004): 0.018661): 0.048938): 0.004380): 0.062404, (sorex_araneus: 0.301208, (((sus_scrofa: 0.128070, equus_caballus: 0.131534): 0.023318, (((panthera_pardus: 0.006743, panthera_tigris_altaica: 0.000004): 0.006513, felis_catus: 0.012769): 0.084216, (canis_familiaris: 0.030875, (mustela_putorius_furo: 0.045960, ailuropoda_melanoleuca: 0.033915): 0.021989): 0.011884): 0.026909): 0.003743, (pteropus_vampyrus: 0.097385, myotis_lucifugus: 0.093658): 0.011861): 0.021495): 0.014706): 0.048209);

Detailed output identifying parameters

Parameters (kappa) in the rate matrix (HKY85) (Yang 1994 J Mol Evol 39:105-111):
  3.69949

alpha (gamma, K=5) =  4.08511
rate:   0.42161  0.69370  0.92141  1.19605  1.76722
freq:   0.20000  0.20000  0.20000  0.20000  0.20000

